0.000000000000000000e+00 6.740438099473631262e+00 7.846557836818867315e+00 8.468670697869391972e+00 1.008854281928140217e+01 1.094290340513372861e+01 1.166668718576076635e+01 1.167617643585707476e+01 1.206911236499530737e+01 1.229126272688366761e+01 1.281922464543787932e+01
6.740438099473631262e+00 0.000000000000000000e+00 7.460556281191625949e+00 7.689617394733014422e+00 7.929455575244354293e+00 8.783005593785000897e+00 8.941846462754769576e+00 8.517568633619891472e+00 8.366724120415678811e+00 8.016728226454878481e+00 7.689009039615156915e+00
7.846557836818867315e+00 7.460556281191625949e+00 0.000000000000000000e+00 8.026666946376780132e+00 7.787553061219998796e+00 8.296399065879707990e+00 8.532041908036555711e+00 8.808428052453068702e+00 9.148152974649793379e+00 9.516421549441263394e+00 9.449560069772543258e+00
8.468670697869391972e+00 7.689617394733014422e+00 8.026666946376780132e+00 0.000000000000000000e+00 1.293209129470234409e+01 1.129261567402344291e+01 1.063211677490242657e+01 1.092352166380512202e+01 1.071039904979471657e+01 1.047923088417335968e+01 1.017949511755376868e+01
1.008854281928140217e+01 7.929455575244354293e+00 7.787553061219998796e+00 1.293209129470234409e+01 0.000000000000000000e+00 1.647419707892301233e+01 1.479996836106669100e+01 1.466595101190272565e+01 1.466496020000798772e+01 1.445806751282378677e+01 1.375319710289831043e+01
1.094290340513372861e+01 8.783005593785000897e+00 8.296399065879707990e+00 1.129261567402344291e+01 1.647419707892301233e+01 0.000000000000000000e+00 2.022514513900742372e+01 1.682505487011404099e+01 1.580110395139926993e+01 1.467156531180737211e+01 1.448379349747236944e+01
1.166668718576076635e+01 8.941846462754769576e+00 8.532041908036555711e+00 1.063211677490242657e+01 1.479996836106669100e+01 2.022514513900742372e+01 0.000000000000000000e+00 2.225050243506348480e+01 1.862585035731911276e+01 1.610877329487361820e+01 1.532896669376932053e+01
1.167617643585707476e+01 8.517568633619891472e+00 8.808428052453068702e+00 1.092352166380512202e+01 1.466595101190272565e+01 1.682505487011404099e+01 2.225050243506348480e+01 0.000000000000000000e+00 2.381633071007666658e+01 1.913950642025350390e+01 1.724341374157325646e+01
1.206911236499530737e+01 8.366724120415678811e+00 9.148152974649793379e+00 1.071039904979471657e+01 1.466496020000798772e+01 1.580110395139926993e+01 1.862585035731911276e+01 2.381633071007666658e+01 0.000000000000000000e+00 2.666392403243669307e+01 1.951424457916309763e+01
1.229126272688366761e+01 8.016728226454878481e+00 9.516421549441263394e+00 1.047923088417335968e+01 1.445806751282378677e+01 1.467156531180737211e+01 1.610877329487361820e+01 1.913950642025350390e+01 2.666392403243669307e+01 0.000000000000000000e+00 2.572195697559262584e+01
1.281922464543787932e+01 7.689009039615156915e+00 9.449560069772543258e+00 1.017949511755376868e+01 1.375319710289831043e+01 1.448379349747236944e+01 1.532896669376932053e+01 1.724341374157325646e+01 1.951424457916309763e+01 2.572195697559262584e+01 0.000000000000000000e+00
