0.000000000000000000e+00 7.273501876319046211e+00 6.571437950232359881e+00 5.967445358031462810e+00 6.356471160775157614e+00 6.341216316475654757e+00 6.160399677834778487e+00 8.890936159044318998e+00 5.432921368111696125e+00 6.075222431390594480e+00 5.816878449827138198e+00 5.638274093583362401e+00 8.535437151808457301e+00 5.135131486158205583e+00 5.541143064833478071e+00 5.288327180477316425e+00 5.292293307814177616e+00 5.088873984542074069e+00 1.025978519577833836e+01 5.202598055326276949e+00 6.269074829813892968e+00 4.965782958376326661e+00 6.126830499981159583e+00 5.093958412853947237e+00 8.738868860685125028e+00
7.273501876319046211e+00 0.000000000000000000e+00 9.043684281322672547e+00 7.285468063280131190e+00 7.291500746507642461e+00 1.266109530825092655e+01 9.318350523585896994e+00 5.718948635747185705e+00 8.091879343907791622e+00 7.800222708784653847e+00 6.638288327670367472e+00 6.668683128789733239e+00 6.026414124360218949e+00 7.288895604586750565e+00 6.752159526547302448e+00 5.718081649980803149e+00 6.378921260026388040e+00 7.316506714377664977e+00 6.559809570928079481e+00 6.326703019308161480e+00 7.111094099889494480e+00 7.742529566206903802e+00 6.354140806593345125e+00 5.813195823105757221e+00 5.653167568517584840e+00
6.571437950232359881e+00 9.043684281322672547e+00 0.000000000000000000e+00 9.310430411803936934e+00 6.609004984603877197e+00 1.042414168847743916e+01 8.201820130115043739e+00 5.762567399587431360e+00 5.920788886958171737e+00 1.266109530825088925e+01 9.318350523585891665e+00 7.622356727145723099e+00 6.103928600820468731e+00 5.162418790238968214e+00 8.091879343907791622e+00 6.410946311760501892e+00 7.288895604586755006e+00 5.210616013784741263e+00 6.374832402116239471e+00 7.316506714377672971e+00 6.214891947259757465e+00 5.337699552859037411e+00 5.782811355960673083e+00 5.991922843234978480e+00 5.516624128067458166e+00
5.967445358031462810e+00 7.285468063280131190e+00 9.310430411803936934e+00 0.000000000000000000e+00 5.597088906009966891e+00 6.979408800402400637e+00 8.698552842200850677e+00 5.387955189977064130e+00 7.189377793621662960e+00 1.162082142366345217e+01 8.339462235680249691e+00 1.266109530825092655e+01 5.138296999182976776e+00 4.967525798553416472e+00 6.388566116772948611e+00 9.318350523585898770e+00 5.613135540580611149e+00 4.516185922961316379e+00 5.731990437551364614e+00 5.285090760973166546e+00 5.308992511213131316e+00 4.685719436083940259e+00 5.153542627484110739e+00 8.091879343907800504e+00 5.146529559434706691e+00
6.356471160775157614e+00 7.291500746507642461e+00 6.609004984603877197e+00 5.597088906009966891e+00 0.000000000000000000e+00 5.743059014488315128e+00 5.279020570244253641e+00 5.791782112289269868e+00 4.970799437196961712e+00 5.557704453115293042e+00 5.116256999596108912e+00 5.171582746789593621e+00 6.167461514355998098e+00 6.671439971600147345e+00 5.995383726266565461e+00 5.904928836249700552e+00 7.433965448649325403e+00 7.493859087160987364e+00 5.903156070400615185e+00 5.538992288978340284e+00 1.266109530825089990e+01 5.183369850512696608e+00 9.318350523585898770e+00 7.642713487049713095e+00 5.285287325516858203e+00
6.341216316475654757e+00 1.266109530825092655e+01 1.042414168847743916e+01 6.979408800402400637e+00 5.743059014488315128e+00 0.000000000000000000e+00 1.006457263041234818e+01 4.860113885251980292e+00 8.061685851449526652e+00 9.043684281322663665e+00 6.582709689341348813e+00 7.285468063280140072e+00 5.088628384683755890e+00 7.607629779193030295e+00 6.444547865507312068e+00 5.631513546379136592e+00 6.316881484079068798e+00 7.710286099907929014e+00 5.447340387392916483e+00 6.305303789416059956e+00 7.291500746507636244e+00 8.066145743831771853e+00 5.934430460199176416e+00 5.564296619044444725e+00 5.718948635747190146e+00
6.160399677834778487e+00 9.318350523585896994e+00 8.201820130115043739e+00 8.698552842200850677e+00 5.279020570244253641e+00 1.006457263041234818e+01 0.000000000000000000e+00 4.699691352606784278e+00 9.717719680014253569e+00 1.135978542319861617e+01 9.043684281322672547e+00 7.175909231898804919e+00 4.640498411480534102e+00 7.069544526084393432e+00 7.391909557652632579e+00 7.285468063280140072e+00 6.107072803504465242e+00 7.276742354357465636e+00 5.279256677883864768e+00 6.173521290500285197e+00 5.875523211957162317e+00 6.645434838641516961e+00 7.291500746507642461e+00 6.365258899868147857e+00 5.122592204617056666e+00
8.890936159044318998e+00 5.718948635747185705e+00 5.762567399587431360e+00 5.387955189977064130e+00 5.791782112289269868e+00 4.860113885251980292e+00 4.699691352606784278e+00 0.000000000000000000e+00 4.276632406500542771e+00 5.009692761816705087e+00 4.780164262547075715e+00 4.788266859088050609e+00 7.314002284044121005e+00 4.058488597156848066e+00 4.533771468297523199e+00 4.500355991311164594e+00 4.312229929634817438e+00 3.947374175577155864e+00 7.975731828706264182e+00 4.159734584886399134e+00 5.248647443242484556e+00 3.946838575896050472e+00 5.066729185663381152e+00 4.302229750799035912e+00 1.266109530825094964e+01
5.432921368111696125e+00 8.091879343907791622e+00 5.920788886958171737e+00 7.189377793621662960e+00 4.970799437196961712e+00 8.061685851449526652e+00 9.717719680014253569e+00 4.276632406500542771e+00 0.000000000000000000e+00 7.388085254822378545e+00 1.017963850723560526e+01 8.957706911070820510e+00 4.397120279101788931e+00 7.479004509603035089e+00 9.043684281322681429e+00 6.378699463454542418e+00 5.852459129587476383e+00 7.330673227576677498e+00 4.686481526702586997e+00 5.728242553573398510e+00 5.137372602688281553e+00 6.987784405231721507e+00 5.521079751412664827e+00 7.285468063280137407e+00 4.505233233422129224e+00
6.075222431390594480e+00 7.800222708784653847e+00 1.266109530825088925e+01 1.162082142366345217e+01 5.557704453115293042e+00 9.043684281322663665e+00 1.135978542319861617e+01 5.009692761816705087e+00 7.388085254822378545e+00 0.000000000000000000e+00 1.006457263041234462e+01 9.310430411803936934e+00 5.278193113675655468e+00 5.474930136123147051e+00 8.061685851449519546e+00 6.558395979003411647e+00 7.607629779193034736e+00 5.509574042623015089e+00 5.501565819444272698e+00 7.710286099907941448e+00 6.609004984603874533e+00 5.611444113837047887e+00 5.634227171389411204e+00 5.920370103973701781e+00 5.762567399587435801e+00
5.816878449827138198e+00 6.638288327670367472e+00 9.318350523585891665e+00 8.339462235680249691e+00 5.116256999596108912e+00 6.582709689341348813e+00 9.043684281322672547e+00 4.780164262547075715e+00 1.017963850723560526e+01 1.006457263041234462e+01 0.000000000000000000e+00 1.130987252387008368e+01 4.730242086468033236e+00 6.219405969999363570e+00 9.717719680014266004e+00 9.310430411803917394e+00 7.069544526084398761e+00 5.294734026808349370e+00 5.256034086239500525e+00 7.276742354357470965e+00 5.420764054905088614e+00 4.999322585335105096e+00 6.609004984603877197e+00 6.758632551506789099e+00 5.088148363594612533e+00
5.638274093583362401e+00 6.668683128789733239e+00 7.622356727145723099e+00 1.266109530825092655e+01 5.171582746789593621e+00 7.285468063280140072e+00 7.175909231898804919e+00 4.788266859088050609e+00 8.957706911070820510e+00 9.310430411803936934e+00 1.130987252387008368e+01 0.000000000000000000e+00 4.643995587733594554e+00 6.065741516490306573e+00 7.394140352018125029e+00 1.006457263041232686e+01 5.827864773047905622e+00 4.755132496054160107e+00 5.109412876902571732e+00 5.473485703218725185e+00 5.597088906009966003e+00 4.900426328190036429e+00 5.084118446902847310e+00 8.061685851449510665e+00 5.387955189977064130e+00
8.535437151808457301e+00 6.026414124360218949e+00 6.103928600820468731e+00 5.138296999182976776e+00 6.167461514355998098e+00 5.088628384683755890e+00 4.640498411480534102e+00 7.314002284044121005e+00 4.397120279101788931e+00 5.278193113675655468e+00 4.730242086468033236e+00 4.643995587733594554e+00 0.000000000000000000e+00 4.370538663346673403e+00 4.690101955435101999e+00 4.188307221874269182e+00 4.704477089645998866e+00 4.292903769206630749e+00 8.233904898894840230e+00 4.581423473422367998e+00 5.581277366083499558e+00 4.241665604659942801e+00 5.022978294080835404e+00 4.168806333534097242e+00 8.564127699523460535e+00
5.135131486158205583e+00 7.288895604586750565e+00 5.162418790238968214e+00 4.967525798553416472e+00 6.671439971600147345e+00 7.607629779193030295e+00 7.069544526084393432e+00 4.058488597156848066e+00 7.479004509603035089e+00 5.474930136123147051e+00 6.219405969999363570e+00 6.065741516490306573e+00 4.370538663346673403e+00 0.000000000000000000e+00 8.925238906566042019e+00 7.530467873634521858e+00 9.043684281322681429e+00 9.036653973965336206e+00 4.579429158979377412e+00 6.321827774209100248e+00 5.572450076484573245e+00 7.187691694340189841e+00 4.979068161015008265e+00 6.909967888875302222e+00 4.317533561892239469e+00
5.541143064833478071e+00 6.752159526547302448e+00 8.091879343907791622e+00 6.388566116772948611e+00 5.995383726266565461e+00 6.444547865507312068e+00 7.391909557652632579e+00 4.533771468297523199e+00 9.043684281322681429e+00 8.061685851449519546e+00 9.717719680014266004e+00 7.394140352018125029e+00 4.690101955435101999e+00 8.925238906566042019e+00 0.000000000000000000e+00 1.110057975910478056e+01 7.479004509603040418e+00 5.931065952504880556e+00 4.918650780069215855e+00 7.330673227576679274e+00 5.196882577630923095e+00 5.477349838619060662e+00 5.557561945286704663e+00 9.310430411803919171e+00 4.699906594116005643e+00
5.288327180477316425e+00 5.718081649980803149e+00 6.410946311760501892e+00 9.318350523585898770e+00 5.904928836249700552e+00 5.631513546379136592e+00 7.285468063280140072e+00 4.500355991311164594e+00 6.378699463454542418e+00 6.558395979003411647e+00 9.310430411803917394e+00 1.006457263041232686e+01 4.188307221874269182e+00 7.530467873634521858e+00 1.110057975910478056e+01 0.000000000000000000e+00 6.074847022098071037e+00 4.932636151186577500e+00 4.805421383608340591e+00 5.180044208527788463e+00 5.434051547907482238e+00 4.518457249450821500e+00 5.597088906009966003e+00 9.717719680014273109e+00 4.724559085269047998e+00
5.292293307814177616e+00 6.378921260026388040e+00 7.288895604586755006e+00 5.613135540580611149e+00 7.433965448649325403e+00 6.316881484079068798e+00 6.107072803504465242e+00 4.312229929634817438e+00 5.852459129587476383e+00 7.607629779193034736e+00 7.069544526084398761e+00 5.827864773047905622e+00 4.704477089645998866e+00 9.043684281322681429e+00 7.479004509603040418e+00 6.074847022098071037e+00 0.000000000000000000e+00 1.073464664004418978e+01 4.846197345252995170e+00 9.036653973965339759e+00 7.598616314330275401e+00 6.400205873019680247e+00 5.991447666916768000e+00 8.246318488735351337e+00 4.529592748274605896e+00
5.088873984542074069e+00 7.316506714377664977e+00 5.210616013784741263e+00 4.516185922961316379e+00 7.493859087160987364e+00 7.710286099907929014e+00 7.276742354357465636e+00 3.947374175577155864e+00 7.330673227576677498e+00 5.509574042623015089e+00 5.294734026808349370e+00 4.755132496054160107e+00 4.292903769206630749e+00 9.036653973965336206e+00 5.931065952504880556e+00 4.932636151186577500e+00 1.073464664004418978e+01 0.000000000000000000e+00 4.458540002191534235e+00 9.043684281322676100e+00 7.495501964432683906e+00 8.820597765488685127e+00 5.485784688750638516e+00 6.918721667461868563e+00 4.196064956942187507e+00
1.025978519577833836e+01 6.559809570928079481e+00 6.374832402116239471e+00 5.731990437551364614e+00 5.903156070400615185e+00 5.447340387392916483e+00 5.279256677883864768e+00 7.975731828706264182e+00 4.686481526702586997e+00 5.501565819444272698e+00 5.256034086239500525e+00 5.109412876902571732e+00 8.233904898894840230e+00 4.579429158979377412e+00 4.918650780069215855e+00 4.805421383608340591e+00 4.846197345252995170e+00 4.458540002191534235e+00 0.000000000000000000e+00 4.675282775670769553e+00 5.432373257517969733e+00 4.432883292932102037e+00 5.286640467342888172e+00 4.554528432985310182e+00 6.957403181179124374e+00
5.202598055326276949e+00 6.326703019308161480e+00 7.316506714377672971e+00 5.285090760973166546e+00 5.538992288978340284e+00 6.305303789416059956e+00 6.173521290500285197e+00 4.159734584886399134e+00 5.728242553573398510e+00 7.710286099907941448e+00 7.276742354357470965e+00 5.473485703218725185e+00 4.581423473422367998e+00 6.321827774209100248e+00 7.330673227576679274e+00 5.180044208527788463e+00 9.036653973965339759e+00 9.043684281322676100e+00 4.675282775670769553e+00 0.000000000000000000e+00 6.968814075195512991e+00 1.012578349257326948e+01 8.157648817828039967e+00 5.544723034744688306e+00 4.366873811941196948e+00
6.269074829813892968e+00 7.111094099889494480e+00 6.214891947259757465e+00 5.308992511213131316e+00 1.266109530825089990e+01 7.291500746507636244e+00 5.875523211957162317e+00 5.248647443242484556e+00 5.137372602688281553e+00 6.609004984603874533e+00 5.420764054905088614e+00 5.597088906009966003e+00 5.581277366083499558e+00 5.572450076484573245e+00 5.196882577630923095e+00 5.434051547907482238e+00 7.598616314330275401e+00 7.495501964432683906e+00 5.432373257517969733e+00 6.968814075195512991e+00 0.000000000000000000e+00 7.321457737715967085e+00 1.006457263041232864e+01 6.627441060703036513e+00 5.791782112289275197e+00
4.965782958376326661e+00 7.742529566206903802e+00 5.337699552859037411e+00 4.685719436083940259e+00 5.183369850512696608e+00 8.066145743831771853e+00 6.645434838641516961e+00 3.946838575896050472e+00 6.987784405231721507e+00 5.611444113837047887e+00 4.999322585335105096e+00 4.900426328190036429e+00 4.241665604659942801e+00 7.187691694340189841e+00 5.477349838619060662e+00 4.518457249450821500e+00 6.400205873019680247e+00 8.820597765488685127e+00 4.432883292932102037e+00 1.012578349257326948e+01 7.321457737715967085e+00 0.000000000000000000e+00 7.747925664606370333e+00 5.240639569864268488e+00 4.175343552348762088e+00
6.126830499981159583e+00 6.354140806593345125e+00 5.782811355960673083e+00 5.153542627484110739e+00 9.318350523585898770e+00 5.934430460199176416e+00 7.291500746507642461e+00 5.066729185663381152e+00 5.521079751412664827e+00 5.634227171389411204e+00 6.609004984603877197e+00 5.084118446902847310e+00 5.022978294080835404e+00 4.979068161015008265e+00 5.557561945286704663e+00 5.597088906009966003e+00 5.991447666916768000e+00 5.485784688750638516e+00 5.286640467342888172e+00 8.157648817828039967e+00 1.006457263041232864e+01 7.747925664606370333e+00 0.000000000000000000e+00 5.403371674276155723e+00 5.194674407294508356e+00
5.093958412853947237e+00 5.813195823105757221e+00 5.991922843234978480e+00 8.091879343907800504e+00 7.642713487049713095e+00 5.564296619044444725e+00 6.365258899868147857e+00 4.302229750799035912e+00 7.285468063280137407e+00 5.920370103973701781e+00 6.758632551506789099e+00 8.061685851449510665e+00 4.168806333534097242e+00 6.909967888875302222e+00 9.310430411803919171e+00 9.717719680014273109e+00 8.246318488735351337e+00 6.918721667461868563e+00 4.554528432985310182e+00 5.544723034744688306e+00 6.627441060703036513e+00 5.240639569864268488e+00 5.403371674276155723e+00 0.000000000000000000e+00 4.418928346541331820e+00
8.738868860685125028e+00 5.653167568517584840e+00 5.516624128067458166e+00 5.146529559434706691e+00 5.285287325516858203e+00 5.718948635747190146e+00 5.122592204617056666e+00 1.266109530825094964e+01 4.505233233422129224e+00 5.762567399587435801e+00 5.088148363594612533e+00 5.387955189977064130e+00 8.564127699523460535e+00 4.317533561892239469e+00 4.699906594116005643e+00 4.724559085269047998e+00 4.529592748274605896e+00 4.196064956942187507e+00 6.957403181179124374e+00 4.366873811941196948e+00 5.791782112289275197e+00 4.175343552348762088e+00 5.194674407294508356e+00 4.418928346541331820e+00 0.000000000000000000e+00
