#    Density matrix based averaged BO population
       0     0.00000000     0.00000000     1.00000000
       1     0.00000008     0.00000750     0.99999243
       2     0.00000008     0.00005744     0.99994247
       3     0.00000018     0.00012119     0.99987863
       4     0.00000019     0.00016614     0.99983367
       5     0.00000032     0.00018622     0.99981346
       6     0.00000037     0.00021475     0.99978488
       7     0.00000048     0.00035117     0.99964835
       8     0.00000061     0.00087666     0.99912274
       9     0.00000064     0.00294295     0.99705641
      10     0.00000080     0.01575864     0.98424056
      11     0.00000073     0.03328963     0.96670965
      12     0.00000134     0.11581313     0.88418553
      13     0.00000060     0.27476364     0.72523576
      14     0.00000069     0.42574099     0.57425832
      15     0.00000121     0.31529467     0.68470412
      16     0.00000122     0.27729020     0.72270858
      17     0.00000086     0.29969406     0.70030507
      18     0.00000098     0.28028843     0.71971059
      19     0.00000087     0.25658561     0.74341352
      20     0.00000071     0.24572999     0.75426930
      21     0.00000102     0.23878492     0.76121405
      22     0.00000061     0.23620287     0.76379652
      23     0.00000074     0.23807199     0.76192728
      24     0.00000087     0.24425417     0.75574496
      25     0.00000046     0.25459568     0.74540386
      26     0.00000075     0.26884548     0.73115377
      27     0.00000069     0.28697504     0.71302427
      28     0.00000032     0.30845744     0.69154224
      29     0.00000069     0.33056601     0.66943330
      30     0.00000048     0.55189551     0.44810400
      31     0.00000032     0.57655516     0.42344452
      32     0.00000062     0.60327883     0.39672055
      33     0.00000042     0.63519194     0.36480764
      34     0.00000031     0.67980052     0.32019918
      35     0.00000054     0.73028612     0.26971334
      36     0.00000042     0.75544539     0.24455419
      37     0.00000032     0.75526106     0.24473861
      38     0.00000047     0.74467540     0.25532413
      39     0.00000049     0.65333562     0.34666388
      40     0.00000036     0.62611292     0.37388672
      41     0.00000048     0.64685573     0.35314379
      42     0.00000051     0.65262905     0.34737045
      43     0.00000039     0.65939842     0.34060119
      44     0.00000041     0.66889054     0.33110905
      45     0.00000048     0.68122048     0.31877904
      46     0.00000046     0.69400533     0.30599421
      47     0.00000038     0.70545636     0.29454326
      48     0.00000040     0.77467582     0.22532378
      49     0.00000051     0.75237182     0.24762768
      50     0.00000046     0.71833806     0.28166148
      51     0.00000044     0.71953806     0.28046150
      52     0.00000049     0.72055761     0.27944190
      53     0.00000040     0.72694925     0.27305035
      54     0.00000041     0.75174016     0.24825943
      55     0.00000053     0.80328175     0.19671773
      56     0.00000035     0.86062164     0.13937801
      57     0.00000032     0.89245977     0.10753991
      58     0.00000050     0.90809113     0.09190836
      59     0.00000046     0.91756608     0.08243346
      60     0.00000036     0.92486583     0.07513382
      61     0.00000045     0.93160353     0.06839602
      62     0.00000051     0.93828990     0.06170959
      63     0.00000047     0.94492426     0.05507528
      64     0.00000028     0.95245029     0.04754944
      65     0.00000027     0.95649482     0.04350492
      66     0.00000045     0.95978670     0.04021285
      67     0.00000031     0.95888051     0.04111918
      68     0.00000021     0.87184438     0.12815541
      69     0.00000087     0.80386181     0.19613732
      70     0.00000073     0.93028560     0.06971367
      71     0.00000039     0.95949532     0.04050428
      72     0.00000047     0.97032700     0.02967252
      73     0.00000047     0.97551346     0.02448607
      74     0.00000076     0.97420315     0.02579609
      75     0.00000056     0.94513868     0.05486076
      76     0.00000035     0.84471932     0.15528032
      77     0.00000078     0.86733658     0.13266264
      78     0.00000077     0.94946453     0.05053470
      79     0.00000071     0.97337331     0.02662598
      80     0.00000053     0.98095947     0.01903999
      81     0.00000054     0.98292282     0.01707665
      82     0.00000076     0.98295904     0.01704020
      83     0.00000087     0.98292930     0.01706983
      84     0.00000076     0.98360289     0.01639635
      85     0.00000057     0.98495450     0.01504494
      86     0.00000069     0.98656554     0.01343377
      87     0.00000109     0.98799654     0.01200236
      88     0.00000113     0.98902141     0.01097746
      89     0.00000075     0.98965965     0.01033959
      90     0.00000073     0.99007497     0.00992430
      91     0.00000117     0.99043902     0.00955980
      92     0.00000144     0.99084231     0.00915626
      93     0.00000119     0.99127868     0.00872013
      94     0.00000049     0.99359409     0.00640541
      95     0.00000067     0.99384079     0.00615854
      96     0.00000115     0.99408575     0.00591309
      97     0.00000130     0.99443467     0.00556402
      98     0.00000098     0.99493496     0.00506406
      99     0.00000033     0.99726336     0.00273632
     100     0.00000135     0.99738470     0.00261395
     101     0.00000323     0.99735193     0.00264485
     102     0.00000348     0.99725646     0.00274007
     103     0.00000169     0.99916396     0.00083435
     104     0.00000040     0.99909668     0.00090292
     105     0.00000141     0.99910294     0.00089565
     106     0.00000362     0.99906568     0.00093070
     107     0.00000443     0.99896257     0.00103301
     108     0.00000290     0.99890458     0.00109252
     109     0.00000090     0.99901995     0.00097915
     110     0.00000088     0.99930653     0.00069259
     111     0.00000304     0.99961309     0.00038387
     112     0.00000516     0.99976543     0.00022941
     113     0.00000497     0.99971047     0.00028455
     114     0.00000267     0.99953947     0.00045786
     115     0.00000085     0.99938388     0.00061527
     116     0.00000175     0.99930079     0.00069746
     117     0.00000450     0.99925623     0.00073928
     118     0.00000620     0.99920108     0.00079272
     119     0.00000524     0.99914915     0.00084561
     120     0.00000269     0.99916464     0.00083268