#    Density matrix based averaged BO population
       0     0.00000000     0.00000000     1.00000000
       1     0.00000008     0.00000750     0.99999243
       2     0.00000008     0.00005744     0.99994247
       3     0.00000018     0.00012119     0.99987863
       4     0.00000019     0.00016614     0.99983367
       5     0.00000032     0.00018622     0.99981346
       6     0.00000037     0.00021475     0.99978488
       7     0.00000048     0.00035117     0.99964835
       8     0.00000061     0.00087666     0.99912274
       9     0.00000064     0.00294295     0.99705641
      10     0.00000080     0.01575864     0.98424056
      11     0.00000058     0.11693705     0.88306238
      12     0.00000084     0.15003410     0.84996506
      13     0.00000077     0.13857283     0.86142640
      14     0.00000114     0.30519072     0.69480814
      15     0.00000046     0.29646742     0.70353212
      16     0.00000132     0.23938272     0.76061596
      17     0.00000066     0.24136636     0.75863298
      18     0.00000044     0.24012479     0.75987476
      19     0.00000106     0.21662306     0.78337588
      20     0.00000043     0.19326835     0.80673122
      21     0.00000087     0.17814273     0.82185641
      22     0.00000088     0.17072325     0.82927587
      23     0.00000045     0.16874236     0.83125719
      24     0.00000103     0.17003227     0.82996670
      25     0.00000066     0.17353611     0.82646324
      26     0.00000047     0.17756726     0.82243227
      27     0.00000085     0.18036950     0.81962965
      28     0.00000044     0.18199512     0.81800445
      29     0.00000045     0.18260687     0.81739268
      30     0.00000078     0.18232440     0.81767481
      31     0.00000042     0.18117623     0.81882335
      32     0.00000037     0.17914612     0.82085351
      33     0.00000070     0.17618302     0.82381628
      34     0.00000045     0.17227507     0.82772447
      35     0.00000030     0.16761158     0.83238812
      36     0.00000057     0.16623558     0.83376384
      37     0.00000052     0.19812017     0.80187932
      38     0.00000028     0.31278272     0.68721700
      39     0.00000043     0.39902606     0.60097351
      40     0.00000062     0.43108373     0.56891565
      41     0.00000041     0.46766956     0.53233003
      42     0.00000033     0.50862631     0.49137336
      43     0.00000058     0.55834390     0.44165552
      44     0.00000053     0.63092440     0.36907507
      45     0.00000039     0.68812892     0.31187069
      46     0.00000055     0.70953334     0.29046611
      47     0.00000065     0.71597938     0.28401998
      48     0.00000047     0.71428041     0.28571912
      49     0.00000055     0.70697865     0.29302080
      50     0.00000068     0.69685003     0.30314930
      51     0.00000063     0.68872272     0.31127665
      52     0.00000067     0.69114064     0.30885869
      53     0.00000063     0.71567914     0.28432023
      54     0.00000068     0.76443850     0.23556082
      55     0.00000067     0.80895284     0.19104649
      56     0.00000055     0.81225637     0.18774308
      57     0.00000077     0.78067053     0.21932869
      58     0.00000073     0.74571359     0.25428568
      59     0.00000066     0.72554592     0.27445342
      60     0.00000089     0.72215378     0.27784533
      61     0.00000070     0.72998419     0.27001511
      62     0.00000107     0.74158534     0.25841359
      63     0.00000106     0.75085286     0.24914608
      64     0.00000079     0.75491908     0.24508013
      65     0.00000109     0.75413797     0.24586094
      66     0.00000123     0.75074001     0.24925876
      67     0.00000133     0.74701804     0.25298062
      68     0.00000105     0.74384416     0.25615479
      69     0.00000139     0.74034000     0.25965862
      70     0.00000145     0.73488140     0.26511716
      71     0.00000106     0.72706558     0.27293337
      72     0.00000159     0.71848286     0.28151555
      73     0.00000128     0.71219657     0.28780215
      74     0.00000103     0.71111240     0.28888658
      75     0.00000128     0.71619944     0.28379928
      76     0.00000183     0.72598609     0.27401208
      77     0.00000137     0.73734716     0.26265147
      78     0.00000133     0.74691347     0.25308520
      79     0.00000183     0.75195964     0.24803853
      80     0.00000227     0.75089148     0.24910624
      81     0.00000229     0.74397919     0.25601852
      82     0.00000156     0.73363556     0.26636288
      83     0.00000168     0.72406594     0.27593238
      84     0.00000214     0.71933154     0.28066632
      85     0.00000183     0.72119548     0.27880269
      86     0.00000106     0.72800331     0.27199562
      87     0.00000086     0.73587775     0.26412139
      88     0.00000126     0.74098589     0.25901285
      89     0.00000190     0.74170972     0.25828839
      90     0.00000169     0.73911778     0.26088053
      91     0.00000172     0.73581811     0.26418016
      92     0.00000208     0.73415185     0.26584607
      93     0.00000227     0.73462291     0.26537482
      94     0.00000271     0.73553350     0.26446379
      95     0.00000314     0.73473186     0.26526500
      96     0.00000296     0.73173698     0.26826005
      97     0.00000210     0.72851896     0.27147894
      98     0.00000248     0.72755386     0.27244366
      99     0.00000390     0.72922511     0.27077099
     100     0.00000399     0.73087737     0.26911864
     101     0.00000318     0.72963919     0.27035763
     102     0.00000295     0.72607698     0.27392007
     103     0.00000338     0.72378128     0.27621534
     104     0.00000342     0.72602372     0.27397286
     105     0.00000323     0.73221007     0.26778670
     106     0.00000309     0.73864159     0.26135532
     107     0.00000363     0.74180153     0.25819483
     108     0.00000556     0.74100413     0.25899031
     109     0.00000692     0.73809870     0.26189438
     110     0.00000675     0.73541988     0.26457336
     111     0.00000670     0.73401013     0.26598317
     112     0.00000854     0.73321512     0.26677634
     113     0.00001052     0.73172259     0.26826689
     114     0.00001021     0.72925548     0.27073431
     115     0.00000934     0.72739554     0.27259512
     116     0.00000961     0.72840150     0.27158888
     117     0.00001188     0.73234936     0.26763876
     118     0.00001567     0.73634904     0.26363529
     119     0.00001981     0.73717215     0.26280804
     120     0.00002304     0.73445709     0.26551986