#Mode: 20
#              1                2                3                4                5                6                7                8                9               10               11               12               13 
#      Time (fs)          Sin 1 0          Sin 2 0          Sin 3 0         Tri 1 -1         Tri 2 -1         Tri 3 -1          Tri 1 0          Tri 2 0          Tri 3 0          Tri 1 1          Tri 2 1          Tri 3 1 
     0.000000000      0.000000000      0.922316411      0.077683589      0.000000000      0.000000000      0.000000000      0.000000000      0.000000000      0.000000000      0.000000000      0.000000000      0.000000000 
     0.500000000      0.000000000      0.922282561      0.077696748      0.000000642      0.000008827      0.000000565      0.000000000      0.000000000      0.000000624      0.000000642      0.000008827      0.000000565 
     1.000000000      0.000000000      0.922193649      0.077728147      0.000002137      0.000033485      0.000002245      0.000000000      0.000000000      0.000002473      0.000002137      0.000033485      0.000002245 
     1.500000000      0.000000000      0.922047104      0.077791760      0.000003500      0.000069337      0.000004994      0.000000000      0.000000000      0.000005475      0.000003500      0.000069337      0.000004994 
     2.000000000      0.000000000      0.921831767      0.077912858      0.000003924      0.000110267      0.000008736      0.000000000      0.000000000      0.000009520      0.000003924      0.000110267      0.000008736 
     2.500000000      0.000000000      0.921501546      0.078150473      0.000003402      0.000150009      0.000013364      0.000000000      0.000000000      0.000014430      0.000003402      0.000150009      0.000013364 
     3.000000000      0.000000000      0.920935403      0.078635375      0.000002710      0.000183184      0.000018743      0.000000000      0.000000000      0.000019946      0.000002710      0.000183184      0.000018743 
     3.500000000      0.000000000      0.921042090      0.078465322      0.000002731      0.000206148      0.000024551      0.000000000      0.000000000      0.000025729      0.000002731      0.000206148      0.000024551 
     4.000000000      0.000000000      0.921287261      0.078178819      0.000003809      0.000216914      0.000030558      0.000000000      0.000000000      0.000031359      0.000003809      0.000216914      0.000030558 
     4.500000000      0.000000000      0.921829249      0.077619406      0.000005527      0.000215550      0.000036412      0.000000000      0.000000000      0.000036367      0.000005527      0.000215550      0.000036412 
     5.000000000      0.000000000      0.922431877      0.077022515      0.000007091      0.000203780      0.000041791      0.000000000      0.000000000      0.000040285      0.000007091      0.000203780      0.000041791 
     5.500000000      0.000000000      0.923636039      0.075846122      0.000007767      0.000183626      0.000046229      0.000000000      0.000000000      0.000042595      0.000007767      0.000183626      0.000046229 
     6.000000000      0.000000000      0.925199446      0.074327804      0.000007376      0.000158071      0.000049408      0.000000000      0.000000000      0.000043041      0.000007376      0.000158071      0.000049408 
     6.500000000      0.000000000      0.927182682      0.072401998      0.000006165      0.000129681      0.000051042      0.000000000      0.000000000      0.000041543      0.000006165      0.000129681      0.000051042 
     7.000000000      0.000000000      0.929627773      0.070020806      0.000004636      0.000100949      0.000050965      0.000000000      0.000000000      0.000038322      0.000004636      0.000100949      0.000050965 
     7.500000000      0.000000000      0.932520899      0.067191269      0.000003306      0.000074490      0.000049168      0.000000000      0.000000000      0.000033903      0.000003306      0.000074490      0.000049168 
     8.000000000      0.000000000      0.935753359      0.064014873      0.000002537      0.000053007      0.000045818      0.000000000      0.000000000      0.000029045      0.000002537      0.000053007      0.000045818 
     8.500000000      0.000000000      0.939092973      0.060717495      0.000002477      0.000038775      0.000041236      0.000000000      0.000000000      0.000024554      0.000002477      0.000038775      0.000041236 
     9.000000000      0.000000000      0.942201132      0.057634185      0.000003108      0.000032858      0.000035852      0.000000000      0.000000000      0.000021047      0.000003108      0.000032858      0.000035852 
     9.500000000      0.000000000      0.944694111      0.055149232      0.000004332      0.000034506      0.000030119      0.000000000      0.000000000      0.000018741      0.000004332      0.000034506      0.000030119 
    10.000000000      0.000000000      0.946247285      0.053591960      0.000006059      0.000041192      0.000024434      0.000000000      0.000000000      0.000017385      0.000006059      0.000041192      0.000024434 
    10.500000000      0.000000000      0.946710193      0.053120004      0.000008211      0.000049397      0.000019090      0.000000000      0.000000000      0.000016406      0.000008211      0.000049397      0.000019090 
    11.000000000      0.000000000      0.946187128      0.053635966      0.000010702      0.000055856      0.000014274      0.000000000      0.000000000      0.000015243      0.000010702      0.000055856      0.000014274 
    11.500000000      0.000000000      0.945042691      0.054779255      0.000013397      0.000058662      0.000010116      0.000000000      0.000000000      0.000013706      0.000013397      0.000058662      0.000010116 
    12.000000000      0.000000000      0.943816927      0.056009788      0.000016135      0.000057681      0.000006749      0.000000000      0.000000000      0.000012155      0.000016135      0.000057681      0.000006749 
    12.500000000      0.000000000      0.943070368      0.056763860      0.000018799      0.000054095      0.000004327      0.000000000      0.000000000      0.000011330      0.000018799      0.000054095      0.000004327 
    13.000000000      0.000000000      0.943209997      0.056630516      0.000021379      0.000049445      0.000002990      0.000000000      0.000000000      0.000011859      0.000021379      0.000049445      0.000002990 
    13.500000000      0.000000000      0.944359856      0.055483150      0.000023993      0.000044856      0.000002775      0.000000000      0.000000000      0.000013747      0.000023993      0.000044856      0.000002775 
    14.000000000      0.000000000      0.946328217      0.053513119      0.000026819      0.000040854      0.000003553      0.000000000      0.000000000      0.000016213      0.000026819      0.000040854      0.000003553 
    14.500000000      0.000000000      0.948687788      0.051148855      0.000029977      0.000037648      0.000005026      0.000000000      0.000000000      0.000018056      0.000029977      0.000037648      0.000005026 
    15.000000000      0.000000000      0.950936917      0.048893472      0.000033422      0.000035418      0.000006800      0.000000000      0.000000000      0.000018330      0.000033422      0.000035418      0.000006800 
    15.500000000      0.000000000      0.952671242      0.047152243      0.000036896      0.000034452      0.000008485      0.000000000      0.000000000      0.000016848      0.000036896      0.000034452      0.000008485 
    16.000000000      0.000000000      0.953691781      0.046124273      0.000039973      0.000035125      0.000009773      0.000000000      0.000000000      0.000014207      0.000039973      0.000035125      0.000009773 
    16.500000000      0.000000000      0.954012439      0.045795377      0.000042189      0.000037745      0.000010455      0.000000000      0.000000000      0.000011406      0.000042189      0.000037745      0.000010455 
    17.000000000      0.000000000      0.953783815      0.046015069      0.000043193      0.000042254      0.000010432      0.000000000      0.000000000      0.000009359      0.000043193      0.000042254      0.000010432 
    17.500000000      0.000000000      0.953179174      0.046611103      0.000042853      0.000048005      0.000009711      0.000000000      0.000000000      0.000008584      0.000042853      0.000048005      0.000009711 
    18.000000000      0.000000000      0.952100071      0.047683339      0.000041294      0.000053968      0.000008458      0.000000000      0.000000000      0.000009151      0.000041294      0.000053968      0.000008458 
    18.500000000      0.000000000      0.951320883      0.048458301      0.000038811      0.000059367      0.000006832      0.000000000      0.000000000      0.000010797      0.000038811      0.000059367      0.000006832 
    19.000000000      0.000000000      0.950424442      0.049351814      0.000035772      0.000064392      0.000005160      0.000000000      0.000000000      0.000013095      0.000035772      0.000064392      0.000005160 
    19.500000000      0.000000000      0.949299291      0.050471758      0.000032418      0.000070523      0.000003735      0.000000000      0.000000000      0.000015597      0.000032418      0.000070523      0.000003735 
    20.000000000      0.000000000      0.948352929      0.051405477      0.000028769      0.000080273      0.000002777      0.000000000      0.000000000      0.000017956      0.000028769      0.000080273      0.000002777 
    20.500000000      0.000000000      0.947418334      0.052314747      0.000024618      0.000096453      0.000002391      0.000000000      0.000000000      0.000019995      0.000024618      0.000096453      0.000002391 
    21.000000000      0.000000000      0.946637554      0.053052632      0.000019883      0.000121575      0.000002571      0.000000000      0.000000000      0.000021757      0.000019883      0.000121575      0.000002571 
    21.500000000      0.000000000      0.946227100      0.053413472      0.000014900      0.000150146      0.000003171      0.000000000      0.000000000      0.000022993      0.000014900      0.000150146      0.000003171 
    22.000000000      0.000000000      0.946227754      0.053341391      0.000010713      0.000188622      0.000004009      0.000000000      0.000000000      0.000024168      0.000010713      0.000188622      0.000004009 
    22.500000000      0.000000000      0.946694990      0.052779943      0.000008626      0.000236194      0.000004879      0.000000000      0.000000000      0.000025670      0.000008626      0.000236194      0.000004879 
    23.000000000      0.000000000      0.947679903      0.051682914      0.000009129      0.000289985      0.000005601      0.000000000      0.000000000      0.000027753      0.000009129      0.000289985      0.000005601 
    23.500000000      0.000000000      0.949185973      0.050038742      0.000011392      0.000354976      0.000006016      0.000000000      0.000000000      0.000030517      0.000011392      0.000354976      0.000006016 
    24.000000000      0.000000000      0.951148561      0.047898187      0.000013272      0.000439528      0.000006077      0.000000000      0.000000000      0.000035499      0.000013272      0.000439528      0.000006077 
    24.500000000      0.000000000      0.953585390      0.045317940      0.000011910      0.000511381      0.000005920      0.000000000      0.000000000      0.000038247      0.000011910      0.000511381      0.000005920 
    25.000000000      0.000000000      0.956132543      0.042575309      0.000008536      0.000610330      0.000005254      0.000000000      0.000000000      0.000043910      0.000008536      0.000610330      0.000005254 
    25.500000000      0.000000000      0.958595745      0.039893364      0.000005771      0.000720022      0.000004364      0.000000000      0.000000000      0.000050575      0.000005771      0.000720022      0.000004364 
    26.000000000      0.000000000      0.960734762      0.037521557      0.000005912      0.000833802      0.000003385      0.000000000      0.000000000      0.000057484      0.000005912      0.000833802      0.000003385 
    26.500000000      0.000000000      0.962395840      0.035624049      0.000007860      0.000947417      0.000002459      0.000000000      0.000000000      0.000064639      0.000007860      0.000947417      0.000002459 
    27.000000000      0.000000000      0.963580016      0.034212955      0.000008079      0.001057858      0.000001710      0.000000000      0.000000000      0.000071736      0.000008079      0.001057858      0.000001710 
    27.500000000      0.000000000      0.964451518      0.033137932      0.000005228      0.001159565      0.000001231      0.000000000      0.000000000      0.000078502      0.000005228      0.001159565      0.000001231 
    28.000000000      0.000000000      0.965270952      0.032150122      0.000002457      0.001243578      0.000001072      0.000000000      0.000000000      0.000084713      0.000002457      0.001243578      0.000001072 
    28.500000000      0.000000000      0.966272561      0.031024413      0.000003002      0.001302178      0.000001231      0.000000000      0.000000000      0.000090205      0.000003002      0.001302178      0.000001231 
    29.000000000      0.000000000      0.967544863      0.029681546      0.000005057      0.001332725      0.000001658      0.000000000      0.000000000      0.000094710      0.000005057      0.001332725      0.000001658 
    29.500000000      0.000000000      0.968975200      0.028236382      0.000004866      0.001338046      0.000002257      0.000000000      0.000000000      0.000098081      0.000004866      0.001338046      0.000002257 
    30.000000000      0.000000000      0.970303966      0.026945736      0.000003221      0.001318939      0.000002894      0.000000000      0.000000000      0.000100190      0.000003221      0.001318939      0.000002894 
    30.500000000      0.000000000      0.971229244      0.026101107      0.000003338      0.001277534      0.000003431      0.000000000      0.000000000      0.000101045      0.000003338      0.001277534      0.000003431 
    31.000000000      0.000000000      0.971541564      0.025898697      0.000004448      0.001221253      0.000003756      0.000000000      0.000000000      0.000100825      0.000004448      0.001221253      0.000003756 
    31.500000000      0.000000000      0.971262030      0.026299312      0.000003916      0.001161658      0.000003810      0.000000000      0.000000000      0.000099889      0.000003916      0.001161658      0.000003810 
    32.000000000      0.000000000      0.970729147      0.026939956      0.000002592      0.001109902      0.000003593      0.000000000      0.000000000      0.000098725      0.000002592      0.001109902      0.000003593 
    32.500000000      0.000000000      0.970537236      0.027202866      0.000002524      0.001075310      0.000003174      0.000000000      0.000000000      0.000097880      0.000002524      0.001075310      0.000003174 
    33.000000000      0.000000000      0.971288723      0.026469673      0.000003281      0.001065914      0.000002666      0.000000000      0.000000000      0.000097879      0.000003281      0.001065914      0.000002666 
    33.500000000      0.000000000      0.973267674      0.024439079      0.000003897      0.001091195      0.000002180      0.000000000      0.000000000      0.000098701      0.000003897      0.001091195      0.000002180 
    34.000000000      0.000000000      0.976282252      0.021309628      0.000004767      0.001147338      0.000001793      0.000000000      0.000000000      0.000100323      0.000004767      0.001147338      0.000001793 
    34.500000000      0.000000000      0.979709494      0.017709789      0.000006072      0.001231281      0.000001540      0.000000000      0.000000000      0.000102932      0.000006072      0.001231281      0.000001540 
    35.000000000      0.000000000      0.982779443      0.014423339      0.000007006      0.001337050      0.000001419      0.000000000      0.000000000      0.000106268      0.000007006      0.001337050      0.000001419 
    35.500000000      0.000000000      0.984880503      0.012078891      0.000007195      0.001456635      0.000001415      0.000000000      0.000000000      0.000110114      0.000007195      0.001456635      0.000001415 
    36.000000000      0.000000000      0.985747694      0.010958738      0.000007354      0.001580969      0.000001476      0.000000000      0.000000000      0.000113970      0.000007354      0.001580969      0.000001476 
    36.500000000      0.000000000      0.985485800      0.010969864      0.000008376      0.001703155      0.000001594      0.000000000      0.000000000      0.000118087      0.000008376      0.001703155      0.000001594 
    37.000000000      0.000000000      0.984468815      0.011765065      0.000010444      0.001809794      0.000001760      0.000000000      0.000000000      0.000122123      0.000010444      0.001809794      0.000001760 
    37.500000000      0.000000000      0.983149316      0.012881004      0.000013176      0.001906591      0.000001946      0.000000000      0.000000000      0.000126253      0.000013176      0.001906591      0.000001946 
    38.000000000      0.000000000      0.981931076      0.013914849      0.000016045      0.001993477      0.000002155      0.000000000      0.000000000      0.000130720      0.000016045      0.001993477      0.000002155 
    38.500000000      0.000000000      0.981040259      0.014622610      0.000018724      0.002079536      0.000002362      0.000000000      0.000000000      0.000135886      0.000018724      0.002079536      0.000002362 
    39.000000000      0.000000000      0.980563259      0.014948355      0.000020579      0.002150006      0.000002538      0.000000000      0.000000000      0.000142141      0.000020579      0.002150006      0.000002538 
    39.500000000      0.000000000      0.980383743      0.014978597      0.000021900      0.002219511      0.000002649      0.000000000      0.000000000      0.000149541      0.000021900      0.002219511      0.000002649 
    40.000000000      0.000000000      0.980360444      0.014878299      0.000022765      0.002276330      0.000002672      0.000000000      0.000000000      0.000157722      0.000022765      0.002276330      0.000002672 
    40.500000000      0.000000000      0.980276797      0.014810143      0.000023673      0.002347524      0.000002605      0.000000000      0.000000000      0.000165456      0.000023673      0.002347524      0.000002605 
    41.000000000      0.000000000      0.980040624      0.014895374      0.000024470      0.002419484      0.000002465      0.000000000      0.000000000      0.000171165      0.000024470      0.002419484      0.000002465 
    41.500000000      0.000000000      0.979607722      0.015192239      0.000024993      0.002486120      0.000002292      0.000000000      0.000000000      0.000173230      0.000024993      0.002486120      0.000002292 
    42.000000000      0.000000000      0.978988837      0.015708895      0.000025144      0.002538530      0.000002130      0.000000000      0.000000000      0.000170661      0.000025144      0.002538530      0.000002130 
    42.500000000      0.000000000      0.978217903      0.016429253      0.000025139      0.002567482      0.000002016      0.000000000      0.000000000      0.000163568      0.000025139      0.002567482      0.000002016 
    43.000000000      0.000000000      0.977325593      0.017340607      0.000025707      0.002562646      0.000001965      0.000000000      0.000000000      0.000153162      0.000025707      0.002562646      0.000001965 
    43.500000000      0.000000000      0.976294437      0.018448348      0.000028187      0.002527847      0.000001968      0.000000000      0.000000000      0.000141212      0.000028187      0.002527847      0.000001968 
    44.000000000      0.000000000      0.968733662      0.026136283      0.000033435      0.002464642      0.000002172      0.000000000      0.000000000      0.000129557      0.000033435      0.002464642      0.000002172 
    44.500000000      0.000000000      0.961542851      0.033481777      0.000043846      0.002381686      0.000002393      0.000000000      0.000000000      0.000119524      0.000043846      0.002381686      0.000002393 
    45.000000000      0.000000000      0.954683902      0.040497394      0.000060943      0.002289830      0.000002603      0.000000000      0.000000000      0.000111951      0.000060943      0.002289830      0.000002603 
    45.500000000      0.000000000      0.948113857      0.047200757      0.000084435      0.002201817      0.000002815      0.000000000      0.000000000      0.000107253      0.000084435      0.002201817      0.000002815 
    46.000000000      0.000000000      0.941753262      0.053650420      0.000111624      0.002130742      0.000003072      0.000000000      0.000000000      0.000105441      0.000111624      0.002130742      0.000003072 
    46.500000000      0.000000000      0.935508005      0.059928099      0.000137657      0.002087776      0.000003445      0.000000000      0.000000000      0.000106141      0.000137657      0.002087776      0.000003445 
    47.000000000      0.000000000      0.929289139      0.066121611      0.000156807      0.002079495      0.000004000      0.000000000      0.000000000      0.000108648      0.000156807      0.002079495      0.000004000 
    47.500000000      0.000000000      0.923027760      0.072310069      0.000164515      0.002105762      0.000004783      0.000000000      0.000000000      0.000112051      0.000164515      0.002105762      0.000004783 
    48.000000000      0.000000000      0.916692052      0.078543806      0.000159359      0.002159211      0.000005797      0.000000000      0.000000000      0.000115408      0.000159359      0.002159211      0.000005797 
    48.500000000      0.000000000      0.910309850      0.084816901      0.000143838      0.002226820      0.000007008      0.000000000      0.000000000      0.000117915      0.000143838      0.002226820      0.000007008 
    49.000000000      0.000000000      0.903979992      0.091051309      0.000123333      0.002293153      0.000008350      0.000000000      0.000000000      0.000119027      0.000123333      0.002293153      0.000008350 
    49.500000000      0.000000000      0.897854148      0.097112751      0.000103534      0.002344008      0.000009755      0.000000000      0.000000000      0.000118507      0.000103534      0.002344008      0.000009755 
    50.000000000      0.000000000      0.892100285      0.102847397      0.000087705      0.002369075      0.000011180      0.000000000      0.000000000      0.000116398      0.000087705      0.002369075      0.000011180 
    50.500000000      0.000000000      0.886866514      0.108118757      0.000075484      0.002362783      0.000012618      0.000000000      0.000000000      0.000112957      0.000075484      0.002362783      0.000012618 
    51.000000000      0.000000000      0.882250585      0.112837368      0.000064051      0.002323582      0.000014110      0.000000000      0.000000000      0.000108563      0.000064051      0.002323582      0.000014110 
    51.500000000      0.000000000      0.879665072      0.115593330      0.000050862      0.002252687      0.000015433      0.000000000      0.000000000      0.000103634      0.000050862      0.002252687      0.000015433 
    52.000000000      0.000000000      0.877819465      0.117669152      0.000036081      0.002153475      0.000016866      0.000000000      0.000000000      0.000098539      0.000036081      0.002153475      0.000016866 
    52.500000000      0.000000000      0.876670089      0.119091351      0.000022511      0.002031514      0.000018471      0.000000000      0.000000000      0.000093568      0.000022511      0.002031514      0.000018471 
    53.000000000      0.000000000      0.876107149      0.119946579      0.000013422      0.001894948      0.000020309      0.000000000      0.000000000      0.000088913      0.000013422      0.001894948      0.000020309 
    53.500000000      0.000000000      0.875968383      0.120373842      0.000010000      0.001754101      0.000022451      0.000000000      0.000000000      0.000084670      0.000010000      0.001754101      0.000022451 
    54.000000000      0.000000000      0.876068930      0.120539066      0.000010613      0.001619981      0.000024977      0.000000000      0.000000000      0.000080863      0.000010613      0.001619981      0.000024977 
    54.500000000      0.000000000      0.876237533      0.120599710      0.000012403      0.001502309      0.000027946      0.000000000      0.000000000      0.000077440      0.000012403      0.001502309      0.000027946 
    55.000000000      0.000000000      0.876348679      0.120670515      0.000013599      0.001408171      0.000031430      0.000000000      0.000000000      0.000074407      0.000013599      0.001408171      0.000031430 
    55.500000000      0.000000000      0.876351243      0.120793115      0.000014416      0.001342131      0.000035428      0.000000000      0.000000000      0.000071692      0.000014416      0.001342131      0.000035428 
    56.000000000      0.000000000      0.876284768      0.120920644      0.000015931      0.001306851      0.000039883      0.000000000      0.000000000      0.000069258      0.000015931      0.001306851      0.000039883 
    56.500000000      0.000000000      0.876294886      0.120905277      0.000018409      0.001303287      0.000044669      0.000000000      0.000000000      0.000067107      0.000018409      0.001303287      0.000044669 
    57.000000000      0.000000000      0.875943729      0.121188254      0.000021052      0.001330687      0.000049625      0.000000000      0.000000000      0.000065289      0.000021052      0.001330687      0.000049625 
    57.500000000      0.000000000      0.875621781      0.121393348      0.000022928      0.001383041      0.000054490      0.000000000      0.000000000      0.000063952      0.000022928      0.001383041      0.000054490 
    58.000000000      0.000000000      0.875261294      0.121605892      0.000024626      0.001451163      0.000058995      0.000000000      0.000000000      0.000063244      0.000024626      0.001451163      0.000058995 
    58.500000000      0.000000000      0.874709079      0.122001231      0.000028062      0.001522160      0.000062869      0.000000000      0.000000000      0.000063508      0.000028062      0.001522160      0.000062869 
    59.000000000      0.000000000      0.873840383      0.122727258      0.000034717      0.001583026      0.000065891      0.000000000      0.000000000      0.000065090      0.000034717      0.001583026      0.000065891 
    59.500000000      0.000000000      0.872707871      0.123754653      0.000044116      0.001622538      0.000067923      0.000000000      0.000000000      0.000068322      0.000044116      0.001622538      0.000067923 
    60.000000000      0.000000000      0.871668345      0.124746245      0.000053999      0.001633095      0.000068908      0.000000000      0.000000000      0.000073406      0.000053999      0.001633095      0.000068908 
    60.500000000      0.000000000      0.871345516      0.125088161      0.000062023      0.001612158      0.000068843      0.000000000      0.000000000      0.000080274      0.000062023      0.001612158      0.000068843 
    61.000000000      0.000000000      0.872301868      0.124212476      0.000067507      0.001563299      0.000067773      0.000000000      0.000000000      0.000088496      0.000067507      0.001563299      0.000067773 
    61.500000000      0.000000000      0.874322889      0.122311582      0.000071879      0.001496384      0.000065850      0.000000000      0.000000000      0.000097303      0.000071879      0.001496384      0.000065850 
    62.000000000      0.000000000      0.875905467      0.120857237      0.000077480      0.001424903      0.000063429      0.000000000      0.000000000      0.000105671      0.000077480      0.001424903      0.000063429 
    62.500000000      0.000000000      0.874640504      0.122228653      0.000085796      0.001362289      0.000061047      0.000000000      0.000000000      0.000112579      0.000085796      0.001362289      0.000061047 
    63.000000000      0.000000000      0.868189423      0.128747260      0.000096385      0.001317340      0.000059278      0.000000000      0.000000000      0.000117311      0.000096385      0.001317340      0.000059278 
    63.500000000      0.000000000      0.855430756      0.141539416      0.000107074      0.001289494      0.000058501      0.000000000      0.000000000      0.000119691      0.000107074      0.001289494      0.000058501 
    64.000000000      0.000000000      0.837090452      0.159909790      0.000115100      0.001265988      0.000058717      0.000000000      0.000000000      0.000120147      0.000115100      0.001265988      0.000058717 
    64.500000000      0.000000000      0.815456033      0.181619377      0.000118368      0.001224593      0.000059548      0.000000000      0.000000000      0.000119571      0.000118368      0.001224593      0.000059548 
    65.000000000      0.000000000      0.793355997      0.203883858      0.000116058      0.001144098      0.000060430      0.000000000      0.000000000      0.000118974      0.000116058      0.001144098      0.000060430 
    65.500000000      0.000000000      0.773001784      0.224505757      0.000108244      0.001017569      0.000060907      0.000000000      0.000000000      0.000119019      0.000108244      0.001017569      0.000060907 
    66.000000000      0.000000000      0.755197934      0.242607377      0.000103830      0.000873209      0.000060597      0.000000000      0.000000000      0.000119416      0.000103830      0.000873209      0.000060597 
    66.500000000      0.000000000      0.739514345      0.258576485      0.000100229      0.000735161      0.000059631      0.000000000      0.000000000      0.000119129      0.000100229      0.000735161      0.000059631 
    67.000000000      0.000000000      0.724954938      0.273319906      0.000108393      0.000637875      0.000058056      0.000000000      0.000000000      0.000116508      0.000108393      0.000637875      0.000058056 
    67.500000000      0.000000000      0.710755809      0.287637372      0.000100869      0.000591489      0.000055813      0.000000000      0.000000000      0.000110478      0.000100869      0.000591489      0.000055813 
    68.000000000      0.000000000      0.696930757      0.301497018      0.000101146      0.000581211      0.000052987      0.000000000      0.000000000      0.000101535      0.000101146      0.000581211      0.000052987 
    68.500000000      0.000000000      0.684060609      0.314361469      0.000108344      0.000584979      0.000049695      0.000000000      0.000000000      0.000091887      0.000108344      0.000584979      0.000049695 
    69.000000000      0.000000000      0.672726905      0.325673467      0.000122053      0.000589432      0.000046171      0.000000000      0.000000000      0.000084317      0.000122053      0.000589432      0.000046171 
    69.500000000      0.000000000      0.662869400      0.335505715      0.000140155      0.000589299      0.000042713      0.000000000      0.000000000      0.000080551      0.000140155      0.000589299      0.000042713 
    70.000000000      0.000000000      0.653769273      0.344599621      0.000158329      0.000577360      0.000039643      0.000000000      0.000000000      0.000080442      0.000158329      0.000577360      0.000039643 
    70.500000000      0.000000000      0.644832605      0.353578093      0.000170620      0.000545477      0.000037289      0.000000000      0.000000000      0.000082529      0.000170620      0.000545477      0.000037289 
    71.000000000      0.000000000      0.636390730      0.362113822      0.000171392      0.000497824      0.000035953      0.000000000      0.000000000      0.000085108      0.000171392      0.000497824      0.000035953 
    71.500000000      0.000000000      0.629407039      0.369211104      0.000158560      0.000453165      0.000035862      0.000000000      0.000000000      0.000086682      0.000158560      0.000453165      0.000035862 
    72.000000000      0.000000000      0.624192579      0.374519392      0.000136584      0.000427323      0.000037133      0.000000000      0.000000000      0.000085950      0.000136584      0.000427323      0.000037133 
    72.500000000      0.000000000      0.619771774      0.378990143      0.000117383      0.000420661      0.000039803      0.000000000      0.000000000      0.000082389      0.000117383      0.000420661      0.000039803 
    73.000000000      0.000000000      0.614751194      0.384045990      0.000088577      0.000430400      0.000043834      0.000000000      0.000000000      0.000077194      0.000088577      0.000430400      0.000043834 
    73.500000000      0.000000000      0.608739311      0.390029455      0.000089239      0.000440475      0.000049348      0.000000000      0.000000000      0.000073110      0.000089239      0.000440475      0.000049348 
    74.000000000      0.000000000      0.601479360      0.397253214      0.000103457      0.000437765      0.000056445      0.000000000      0.000000000      0.000072092      0.000103457      0.000437765      0.000056445 
    74.500000000      0.000000000      0.592846095      0.405877561      0.000124429      0.000411576      0.000065325      0.000000000      0.000000000      0.000073683      0.000124429      0.000411576      0.000065325 
    75.000000000      0.000000000      0.583472782      0.415266814      0.000143530      0.000372755      0.000076240      0.000000000      0.000000000      0.000075355      0.000143530      0.000372755      0.000076240 
    75.500000000      0.000000000      0.574742296      0.424010134      0.000153607      0.000343415      0.000089479      0.000000000      0.000000000      0.000074570      0.000153607      0.000343415      0.000089479 
    76.000000000      0.000000000      0.567110938      0.431640769      0.000152967      0.000330378      0.000105413      0.000000000      0.000000000      0.000070777      0.000152967      0.000330378      0.000105413 
    76.500000000      0.000000000      0.559266066      0.439489969      0.000146022      0.000318425      0.000124580      0.000000000      0.000000000      0.000065912      0.000146022      0.000318425      0.000124580 
    77.000000000      0.000000000      0.551251724      0.447530729      0.000138593      0.000290925      0.000147886      0.000000000      0.000000000      0.000062740      0.000138593      0.000290925      0.000147886 
    77.500000000      0.000000000      0.542701905      0.456124420      0.000132943      0.000254209      0.000168580      0.000000000      0.000000000      0.000062210      0.000132943      0.000254209      0.000168580 
    78.000000000      0.000000000      0.534349949      0.464475096      0.000126977      0.000234841      0.000194345      0.000000000      0.000000000      0.000062630      0.000126977      0.000234841      0.000194345 
    78.500000000      0.000000000      0.526764572      0.471993356      0.000117495      0.000247618      0.000225083      0.000000000      0.000000000      0.000061678      0.000117495      0.000247618      0.000225083 
    79.000000000      0.000000000      0.520372217      0.478333455      0.000102992      0.000263012      0.000251727      0.000000000      0.000000000      0.000058866      0.000102992      0.000263012      0.000251727 
    79.500000000      0.000000000      0.515575037      0.483076270      0.000085276      0.000276145      0.000285528      0.000000000      0.000000000      0.000054795      0.000085276      0.000276145      0.000285528 
    80.000000000      0.000000000      0.512193135      0.486430425      0.000066749      0.000271208      0.000324117      0.000000000      0.000000000      0.000052292      0.000066749      0.000271208      0.000324117 
    80.500000000      0.000000000      0.509514812      0.489067983      0.000049652      0.000265476      0.000367364      0.000000000      0.000000000      0.000052222      0.000049652      0.000265476      0.000367364 
    81.000000000      0.000000000      0.507037168      0.491464093      0.000035166      0.000272184      0.000415106      0.000000000      0.000000000      0.000053826      0.000035166      0.000272184      0.000415106 
    81.500000000      0.000000000      0.504708878      0.493682411      0.000024133      0.000285258      0.000467062      0.000000000      0.000000000      0.000055804      0.000024133      0.000285258      0.000467062 
    82.000000000      0.000000000      0.502879607      0.495395917      0.000018235      0.000292363      0.000522901      0.000000000      0.000000000      0.000057477      0.000018235      0.000292363      0.000522901 
    82.500000000      0.000000000      0.501746992      0.496406116      0.000019658      0.000291473      0.000582772      0.000000000      0.000000000      0.000059085      0.000019658      0.000291473      0.000582772 
    83.000000000      0.000000000      0.501209742      0.496784179      0.000029284      0.000288140      0.000654752      0.000000000      0.000000000      0.000061728      0.000029284      0.000288140      0.000654752 
    83.500000000      0.000000000      0.500978116      0.496899445      0.000045094      0.000280279      0.000703696      0.000000000      0.000000000      0.000064302      0.000045094      0.000280279      0.000703696 
    84.000000000      0.000000000      0.500757905      0.497009643      0.000061384      0.000267118      0.000754197      0.000000000      0.000000000      0.000067053      0.000061384      0.000267118      0.000754197 
    84.500000000      0.000000000      0.500274970      0.497403437      0.000070895      0.000252847      0.000802346      0.000000000      0.000000000      0.000069417      0.000070895      0.000252847      0.000802346 
    85.000000000      0.000000000      0.499396359      0.498204836      0.000070051      0.000247929      0.000845836      0.000000000      0.000000000      0.000071173      0.000070051      0.000247929      0.000845836 
    85.500000000      0.000000000      0.498278145      0.499244020      0.000062463      0.000257484      0.000882544      0.000000000      0.000000000      0.000072854      0.000062463      0.000257484      0.000882544 
    86.000000000      0.000000000      0.497349831      0.500092007      0.000054591      0.000276610      0.000910479      0.000000000      0.000000000      0.000074802      0.000054591      0.000276610      0.000910479 
    86.500000000      0.000000000      0.497004607      0.500357388      0.000048417      0.000303685      0.000927992      0.000000000      0.000000000      0.000077818      0.000048417      0.000303685      0.000927992 
    87.000000000      0.000000000      0.497275001      0.500007019      0.000040776      0.000343189      0.000934049      0.000000000      0.000000000      0.000081952      0.000040776      0.000343189      0.000934049 
    87.500000000      0.000000000      0.497773304      0.499427471      0.000029299      0.000398412      0.000928504      0.000000000      0.000000000      0.000086795      0.000029299      0.000398412      0.000928504 
    88.000000000      0.000000000      0.498000299      0.499125941      0.000017033      0.000461685      0.000912227      0.000000000      0.000000000      0.000091871      0.000017033      0.000461685      0.000912227 
    88.500000000      0.000000000      0.497771108      0.499298168      0.000010395      0.000519475      0.000887018      0.000000000      0.000000000      0.000096947      0.000010395      0.000519475      0.000887018 
