#Mode: 20
#              1                2                3                4                5                6                7                8                9               10               11               12               13 
#      Time (fs)          Sin 1 0          Sin 2 0          Sin 3 0         Tri 1 -1         Tri 2 -1         Tri 3 -1          Tri 1 0          Tri 2 0          Tri 3 0          Tri 1 1          Tri 2 1          Tri 3 1 
     0.000000000      0.000000000      0.886851141      0.113148859      0.000000000      0.000000000      0.000000000      0.000000000      0.000000000      0.000000000      0.000000000      0.000000000      0.000000000 
     0.500000000      0.000000000      0.886807448      0.113170965      0.000000921      0.000000813      0.000008802      0.000000000      0.000000515      0.000000000      0.000000921      0.000000813      0.000008802 
     1.000000000      0.000000000      0.886452570      0.113463912      0.000002742      0.000003150      0.000034854      0.000000000      0.000002026      0.000000000      0.000002742      0.000003150      0.000034854 
     1.500000000      0.000000000      0.885279682      0.114540500      0.000003758      0.000006731      0.000077201      0.000000000      0.000004439      0.000000000      0.000003758      0.000006731      0.000077201 
     2.000000000      0.000000000      0.882612400      0.117082758      0.000003443      0.000011144      0.000134033      0.000000000      0.000007602      0.000000000      0.000003443      0.000011144      0.000134033 
     2.500000000      0.000000000      0.877686421      0.121859503      0.000002873      0.000015930      0.000202581      0.000000000      0.000011308      0.000000000      0.000002873      0.000015930      0.000202581 
     3.000000000      0.000000000      0.869840830      0.129537418      0.000003369      0.000020669      0.000279193      0.000000000      0.000015291      0.000000000      0.000003369      0.000020669      0.000279193 
     3.500000000      0.000000000      0.858576136      0.140624145      0.000005328      0.000025038      0.000359869      0.000000000      0.000019247      0.000000000      0.000005328      0.000025038      0.000359869 
     4.000000000      0.000000000      0.843639167      0.155381684      0.000008393      0.000028783      0.000440969      0.000000000      0.000022860      0.000000000      0.000008393      0.000028783      0.000440969 
     4.500000000      0.000000000      0.824787814      0.174060963      0.000012207      0.000031827      0.000518668      0.000000000      0.000025819      0.000000000      0.000012207      0.000031827      0.000518668 
     5.000000000      0.000000000      0.802079903      0.196611512      0.000016674      0.000034077      0.000589621      0.000000000      0.000027841      0.000000000      0.000016674      0.000034077      0.000589621 
     5.500000000      0.000000000      0.776117100      0.222438276      0.000021801      0.000035440      0.000650683      0.000000000      0.000028776      0.000000000      0.000021801      0.000035440      0.000650683 
     6.000000000      0.000000000      0.747841157      0.250607850      0.000027615      0.000035745      0.000697849      0.000000000      0.000028573      0.000000000      0.000027615      0.000035745      0.000697850 
     6.500000000      0.000000000      0.718273037      0.280101687      0.000034240      0.000034906      0.000729828      0.000000000      0.000027330      0.000000000      0.000034240      0.000034905      0.000729828 
     7.000000000      0.000000000      0.688397150      0.309935975      0.000041895      0.000032964      0.000745946      0.000000000      0.000025264      0.000000000      0.000041895      0.000032964      0.000745947 
     7.500000000      0.000000000      0.659903378      0.338418587      0.000050802      0.000030120      0.000746756      0.000000000      0.000022678      0.000000000      0.000050802      0.000030120      0.000746757 
     8.000000000      0.000000000      0.633425764      0.364909754      0.000061222      0.000026787      0.000734274      0.000000000      0.000019916      0.000000000      0.000061222      0.000026787      0.000734275 
     8.500000000      0.000000000      0.609716207      0.388651447      0.000072887      0.000023511      0.000711122      0.000000000      0.000017305      0.000000000      0.000072887      0.000023511      0.000711123 
     9.000000000      0.000000000      0.590930900      0.407477911      0.000086667      0.000020824      0.000680560      0.000000000      0.000015088      0.000000000      0.000086667      0.000020824      0.000680561 
     9.500000000      0.000000000      0.575005974      0.423452347      0.000099214      0.000019286      0.000645639      0.000000000      0.000013397      0.000000000      0.000099214      0.000019287      0.000645641 
    10.000000000      0.000000000      0.560727085      0.437776543      0.000113304      0.000019096      0.000609686      0.000000000      0.000012200      0.000000000      0.000113304      0.000019096      0.000609688 
    10.500000000      0.000000000      0.547664118      0.450884407      0.000128965      0.000020067      0.000571040      0.000000000      0.000011329      0.000000000      0.000128965      0.000020068      0.000571042 
    11.000000000      0.000000000      0.533205865      0.465386172      0.000144482      0.000021904      0.000532286      0.000000000      0.000010615      0.000000000      0.000144482      0.000021905      0.000532288 
    11.500000000      0.000000000      0.516394879      0.482233711      0.000160599      0.000023975      0.000496163      0.000000000      0.000009935      0.000000000      0.000160599      0.000023976      0.000496164 
    12.000000000      0.000000000      0.496722415      0.501931063      0.000179828      0.000025554      0.000463244      0.000000000      0.000009269      0.000000000      0.000179828      0.000025555      0.000463244 
    12.500000000      0.000000000      0.475730554      0.522944583      0.000197513      0.000025984      0.000434600      0.000000000      0.000008669      0.000000000      0.000197513      0.000025984      0.000434600 
    13.000000000      0.000000000      0.454811140      0.543882970      0.000214053      0.000024928      0.000409893      0.000000000      0.000008145      0.000000000      0.000214052      0.000024927      0.000409893 
    13.500000000      0.000000000      0.434971289      0.563739492      0.000230315      0.000022537      0.000387946      0.000000000      0.000007624      0.000000000      0.000230315      0.000022536      0.000387946 
    14.000000000      0.000000000      0.416372073      0.582355870      0.000246107      0.000019483      0.000366923      0.000000000      0.000007032      0.000000000      0.000246106      0.000019482      0.000366923 
    14.500000000      0.000000000      0.398489944      0.600253851      0.000261582      0.000016773      0.000346547      0.000000000      0.000006403      0.000000000      0.000261581      0.000016773      0.000346546 
    15.000000000      0.000000000      0.380751423      0.617999678      0.000276713      0.000015380      0.000329415      0.000000000      0.000005887      0.000000000      0.000276711      0.000015380      0.000329414 
    15.500000000      0.000000000      0.363175436      0.635564850      0.000291270      0.000015840      0.000319926      0.000000000      0.000005645      0.000000000      0.000291269      0.000015840      0.000319925 
    16.000000000      0.000000000      0.346666952      0.652030826      0.000309073      0.000018078      0.000321089      0.000000000      0.000005746      0.000000000      0.000309071      0.000018078      0.000321088 
    16.500000000      0.000000000      0.332249285      0.666379100      0.000329542      0.000021525      0.000331652      0.000000000      0.000006178      0.000000000      0.000329540      0.000021526      0.000331651 
    17.000000000      0.000000000      0.321947947      0.676629142      0.000336983      0.000025368      0.000345668      0.000000000      0.000006876      0.000000000      0.000336981      0.000025369      0.000345667 
    17.500000000      0.000000000      0.316033950      0.682499294      0.000344690      0.000028813      0.000356044      0.000000000      0.000007664      0.000000000      0.000344687      0.000028814      0.000356044 
    18.000000000      0.000000000      0.314602267      0.683900587      0.000355825      0.000031283      0.000357338      0.000000000      0.000008257      0.000000000      0.000355822      0.000031283      0.000357338 
    18.500000000      0.000000000      0.315461326      0.683029878      0.000370636      0.000032530      0.000347055      0.000000000      0.000008357      0.000000000      0.000370633      0.000032530      0.000347055 
    19.000000000      0.000000000      0.317259416      0.681249794      0.000381850      0.000032696      0.000326921      0.000000000      0.000007859      0.000000000      0.000381848      0.000032695      0.000326922 
    19.500000000      0.000000000      0.319771485      0.678736087      0.000406465      0.000032241      0.000304047      0.000000000      0.000006924      0.000000000      0.000406462      0.000032241      0.000304049 
    20.000000000      0.000000000      0.322588227      0.675921914      0.000426440      0.000031816      0.000283736      0.000000000      0.000005877      0.000000000      0.000426437      0.000031816      0.000283737 
    20.500000000      0.000000000      0.325513526      0.672986515      0.000444858      0.000032049      0.000270550      0.000000000      0.000005048      0.000000000      0.000444855      0.000032049      0.000270551 
    21.000000000      0.000000000      0.328227771      0.670210708      0.000473760      0.000033397      0.000271275      0.000000000      0.000004657      0.000000000      0.000473757      0.000033398      0.000271276 
    21.500000000      0.000000000      0.330316012      0.668088786      0.000490987      0.000036092      0.000268185      0.000000000      0.000004675      0.000000000      0.000490985      0.000036092      0.000268186 
    22.000000000      0.000000000      0.330920487      0.667425331      0.000513399      0.000040250      0.000270925      0.000000000      0.000005036      0.000000000      0.000513397      0.000040250      0.000270926 
    22.500000000      0.000000000      0.329784901      0.668477166      0.000540913      0.000045923      0.000279331      0.000000000      0.000005600      0.000000000      0.000540910      0.000045924      0.000279332 
    23.000000000      0.000000000      0.326865924      0.671289810      0.000572854      0.000053167      0.000293078      0.000000000      0.000006069      0.000000000      0.000572852      0.000053168      0.000293078 
    23.500000000      0.000000000      0.323696537      0.674357388      0.000596604      0.000062141      0.000310769      0.000000000      0.000007048      0.000000000      0.000596602      0.000062142      0.000310769 
    24.000000000      0.000000000      0.322165402      0.675785366      0.000617881      0.000072651      0.000330315      0.000000000      0.000007540      0.000000000      0.000617880      0.000072651      0.000330314 
    24.500000000      0.000000000      0.323653575      0.674186550      0.000640084      0.000084834      0.000350979      0.000000000      0.000008083      0.000000000      0.000640084      0.000084834      0.000350977 
    25.000000000      0.000000000      0.328450866      0.669268771      0.000664178      0.000098720      0.000372936      0.000000000      0.000008695      0.000000000      0.000664179      0.000098720      0.000372934 
    25.500000000      0.000000000      0.335748964      0.661854897      0.000691017      0.000113576      0.000388854      0.000000000      0.000009245      0.000000000      0.000691018      0.000113575      0.000388853 
    26.000000000      0.000000000      0.343887049      0.653575601      0.000723195      0.000130448      0.000410029      0.000000000      0.000010007      0.000000000      0.000723196      0.000130447      0.000410028 
    26.500000000      0.000000000      0.351073455      0.646222722      0.000762519      0.000148808      0.000435162      0.000000000      0.000010847      0.000000000      0.000762520      0.000148807      0.000435162 
    27.000000000      0.000000000      0.355911310      0.641241506      0.000797329      0.000169283      0.000451100      0.000000000      0.000011761      0.000000000      0.000797329      0.000169282      0.000451101 
    27.500000000      0.000000000      0.357923902      0.639065878      0.000842287      0.000192517      0.000463938      0.000000000      0.000012735      0.000000000      0.000842287      0.000192516      0.000463940 
    28.000000000      0.000000000      0.357492102      0.639323258      0.000891797      0.000216164      0.000477517      0.000000000      0.000013683      0.000000000      0.000891796      0.000216163      0.000477520 
    28.500000000      0.000000000      0.355128942      0.641495517      0.000937283      0.000245148      0.000498087      0.000000000      0.000014502      0.000000000      0.000937282      0.000245148      0.000498091 
    29.000000000      0.000000000      0.350563412      0.645874580      0.000968463      0.000278207      0.000526659      0.000000000      0.000015348      0.000000000      0.000968462      0.000278207      0.000526663 
    29.500000000      0.000000000      0.343459648      0.652783722      0.000992578      0.000315603      0.000561964      0.000000000      0.000016335      0.000000000      0.000992577      0.000315604      0.000561969 
    30.000000000      0.000000000      0.332354453      0.663695152      0.001008399      0.000357480      0.000600516      0.000000000      0.000017599      0.000000000      0.001008399      0.000357481      0.000600521 
    30.500000000      0.000000000      0.317955639      0.677907133      0.001016035      0.000403502      0.000639589      0.000000000      0.000018973      0.000000000      0.001016035      0.000403502      0.000639593 
    31.000000000      0.000000000      0.303174923      0.692494247      0.001021760      0.000453891      0.000679581      0.000000000      0.000020361      0.000000000      0.001021761      0.000453893      0.000679583 
    31.500000000      0.000000000      0.291612388      0.703817975      0.001030692      0.000508569      0.000734749      0.000000000      0.000021613      0.000000000      0.001030694      0.000508570      0.000734751 
    32.000000000      0.000000000      0.285195448      0.710006125      0.001046209      0.000568432      0.000773175      0.000000000      0.000022790      0.000000000      0.001046211      0.000568434      0.000773176 
    32.500000000      0.000000000      0.282751249      0.712215723      0.001061048      0.000632878      0.000810761      0.000000000      0.000023649      0.000000000      0.001061049      0.000632879      0.000810763 
    33.000000000      0.000000000      0.281220832      0.713531671      0.001063182      0.000701894      0.000846459      0.000000000      0.000024424      0.000000000      0.001063182      0.000701895      0.000846461 
    33.500000000      0.000000000      0.278169731      0.716418810      0.001037822      0.000774888      0.000880387      0.000000000      0.000025263      0.000000000      0.001037821      0.000774889      0.000880390 
    34.000000000      0.000000000      0.273521237      0.720970226      0.000976365      0.000852478      0.000912690      0.000000000      0.000025469      0.000000000      0.000976363      0.000852478      0.000912694 
    34.500000000      0.000000000      0.268972473      0.725482668      0.000884859      0.000933462      0.000941392      0.000000000      0.000025430      0.000000000      0.000884857      0.000933462      0.000941396 
    35.000000000      0.000000000      0.265851272      0.728590851      0.000782336      0.001020931      0.000963117      0.000000000      0.000025106      0.000000000      0.000782334      0.001020931      0.000963121 
    35.500000000      0.000000000      0.263692797      0.730730505      0.000689248      0.001110228      0.000976601      0.000000000      0.000024540      0.000000000      0.000689246      0.001110228      0.000976606 
    36.000000000      0.000000000      0.261171459      0.733231683      0.000616484      0.001200400      0.000969675      0.000000000      0.000023737      0.000000000      0.000616483      0.001200400      0.000969680 
    36.500000000      0.000000000      0.257971043      0.736403257      0.000564626      0.001288116      0.000948651      0.000000000      0.000022908      0.000000000      0.000564625      0.001288117      0.000948657 
    37.000000000      0.000000000      0.255054497      0.739344020      0.000526087      0.001375305      0.000888299      0.000000000      0.000022094      0.000000000      0.000526086      0.001375307      0.000888304 
    37.500000000      0.000000000      0.252950774      0.741410982      0.000490714      0.001461329      0.000856215      0.000000000      0.000021723      0.000000000      0.000490712      0.001461331      0.000856220 
    38.000000000      0.000000000      0.249846403      0.744493201      0.000450728      0.001545596      0.000823060      0.000000000      0.000021618      0.000000000      0.000450727      0.001545599      0.000823066 
    38.500000000      0.000000000      0.243633849      0.750703777      0.000409124      0.001627376      0.000783836      0.000000000      0.000021692      0.000000000      0.000409124      0.001627379      0.000783843 
    39.000000000      0.000000000      0.233835906      0.760493930      0.000380837      0.001705618      0.000737748      0.000000000      0.000021748      0.000000000      0.000380837      0.001705621      0.000737755 
    39.500000000      0.000000000      0.222372725      0.771918613      0.000375004      0.001778924      0.000689611      0.000000000      0.000021574      0.000000000      0.000375004      0.001778927      0.000689618 
    40.000000000      0.000000000      0.211844619      0.782385592      0.000384207      0.001845939      0.000644228      0.000000000      0.000021030      0.000000000      0.000384207      0.001845942      0.000644235 
    40.500000000      0.000000000      0.203542931      0.790643760      0.000388830      0.001905717      0.000602056      0.000000000      0.000020091      0.000000000      0.000388830      0.001905720      0.000602064 
    41.000000000      0.000000000      0.197540069      0.796629129      0.000387443      0.001957444      0.000561095      0.000000000      0.000018825      0.000000000      0.000387444      0.001957447      0.000561103 
    41.500000000      0.000000000      0.193527103      0.800614513      0.000399568      0.001999854      0.000521055      0.000000000      0.000017418      0.000000000      0.000399569      0.001999857      0.000521063 
    42.000000000      0.000000000      0.190811081      0.803275764      0.000433373      0.002031403      0.000483720      0.000000000      0.000016148      0.000000000      0.000433375      0.002031406      0.000483729 
    42.500000000      0.000000000      0.188973803      0.805072716      0.000468693      0.002051101      0.000449328      0.000000000      0.000015223      0.000000000      0.000468695      0.002051104      0.000449337 
    43.000000000      0.000000000      0.188022533      0.806045397      0.000485665      0.002058655      0.000414410      0.000000000      0.000014598      0.000000000      0.000485666      0.002058658      0.000414418 
    43.500000000      0.000000000      0.189972364      0.804195604      0.000474081      0.002054278      0.000380573      0.000000000      0.000014156      0.000000000      0.000474082      0.002054281      0.000380580 
    44.000000000      0.000000000      0.193399688      0.800880781      0.000466244      0.002038365      0.000348257      0.000000000      0.000013787      0.000000000      0.000466245      0.002038368      0.000348264 
    44.500000000      0.000000000      0.195497161      0.798891325      0.000464095      0.002012180      0.000322735      0.000000000      0.000013485      0.000000000      0.000464097      0.002012183      0.000322740 
    45.000000000      0.000000000      0.194337273      0.800170771      0.000450316      0.001978049      0.000310965      0.000000000      0.000013288      0.000000000      0.000450318      0.001978052      0.000310968 
    45.500000000      0.000000000      0.188916506      0.805732663      0.000417599      0.001938811      0.000312406      0.000000000      0.000013192      0.000000000      0.000417601      0.001938814      0.000312407 
    46.000000000      0.000000000      0.179906942      0.814887013      0.000382410      0.001897016      0.000317045      0.000000000      0.000013098      0.000000000      0.000382411      0.001897020      0.000317045 
    46.500000000      0.000000000      0.169197139      0.825725230      0.000361480      0.001854672      0.000316250      0.000000000      0.000012824      0.000000000      0.000361481      0.001854675      0.000316249 
    47.000000000      0.000000000      0.159001806      0.836037502      0.000353469      0.001813476      0.000307284      0.000000000      0.000012233      0.000000000      0.000353469      0.001813479      0.000307282 
    47.500000000      0.000000000      0.152353588      0.842822845      0.000341810      0.001774937      0.000289368      0.000000000      0.000011336      0.000000000      0.000341811      0.001774939      0.000289366 
    48.000000000      0.000000000      0.145981628      0.849342399      0.000323654      0.001740400      0.000268771      0.000000000      0.000010324      0.000000000      0.000323655      0.001740401      0.000268769 
    48.500000000      0.000000000      0.140237322      0.855228323      0.000298774      0.001710394      0.000253336      0.000000000      0.000009348      0.000000000      0.000298775      0.001710394      0.000253334 
    49.000000000      0.000000000      0.136314872      0.859271297      0.000274843      0.001684883      0.000242935      0.000000000      0.000008510      0.000000000      0.000274843      0.001684882      0.000242934 
    49.500000000      0.000000000      0.135260386      0.860424112      0.000257704      0.001663710      0.000232394      0.000000000      0.000007888      0.000000000      0.000257704      0.001663709      0.000232394 
    50.000000000      0.000000000      0.138770767      0.857003236      0.000243585      0.001644015      0.000221628      0.000000000      0.000007542      0.000000000      0.000243585      0.001644014      0.000221629 
    50.500000000      0.000000000      0.147217196      0.848641293      0.000225745      0.001628031      0.000213246      0.000000000      0.000007465      0.000000000      0.000225745      0.001628030      0.000213248 
    51.000000000      0.000000000      0.158030715      0.837902872      0.000204584      0.001614988      0.000209830      0.000000000      0.000007606      0.000000000      0.000204585      0.001614988      0.000209832 
    51.500000000      0.000000000      0.168064986      0.827921995      0.000188675      0.001604244      0.000209657      0.000000000      0.000007865      0.000000000      0.000188675      0.001604243      0.000209660 
    52.000000000      0.000000000      0.175515871      0.820493298      0.000184063      0.001595310      0.000211953      0.000000000      0.000008176      0.000000000      0.000184063      0.001595310      0.000211955 
    52.500000000      0.000000000      0.179354623      0.816648348      0.000189074      0.001587974      0.000217202      0.000000000      0.000008527      0.000000000      0.000189074      0.001587975      0.000217204 
    53.000000000      0.000000000      0.178854869      0.817124415      0.000197575      0.001581799      0.000226526      0.000000000      0.000008913      0.000000000      0.000197574      0.001581800      0.000226528 
    53.500000000      0.000000000      0.174095752      0.821853771      0.000206604      0.001576208      0.000237782      0.000000000      0.000009286      0.000000000      0.000206604      0.001576209      0.000237783 
    54.000000000      0.000000000      0.166080267      0.829834097      0.000215870      0.001570360      0.000251767      0.000000000      0.000009641      0.000000000      0.000215870      0.001570362      0.000251766 
    54.500000000      0.000000000      0.156547037      0.839326138      0.000225067      0.001566066      0.000267330      0.000000000      0.000009898      0.000000000      0.000225067      0.001566068      0.000267328 
    55.000000000      0.000000000      0.147889570      0.847937206      0.000236597      0.001561233      0.000283729      0.000000000      0.000010107      0.000000000      0.000236596      0.001561235      0.000283727 
    55.500000000      0.000000000      0.142543244      0.853236625      0.000250720      0.001556740      0.000297447      0.000000000      0.000010317      0.000000000      0.000250719      0.001556742      0.000297445 
    56.000000000      0.000000000      0.141608111      0.854119830      0.000268645      0.001552831      0.000309214      0.000000000      0.000010678      0.000000000      0.000268645      0.001552833      0.000309212 
    56.500000000      0.000000000      0.144138188      0.851529826      0.000291311      0.001549692      0.000319276      0.000000000      0.000011431      0.000000000      0.000291310      0.001549692      0.000319274 
    57.000000000      0.000000000      0.148201460      0.847403208      0.000314173      0.001547397      0.000330074      0.000000000      0.000012046      0.000000000      0.000314172      0.001547397      0.000330074 
    57.500000000      0.000000000      0.152655793      0.842882593      0.000334807      0.001545902      0.000343775      0.000000000      0.000012645      0.000000000      0.000334806      0.001545902      0.000343776 
    58.000000000      0.000000000      0.157807037      0.837665064      0.000352601      0.001544867      0.000359864      0.000000000      0.000013234      0.000000000      0.000352600      0.001544867      0.000359866 
    58.500000000      0.000000000      0.164312181      0.831101985      0.000367343      0.001543578      0.000375108      0.000000000      0.000013775      0.000000000      0.000367342      0.001543577      0.000375111 
    59.000000000      0.000000000      0.171870829      0.823500802      0.000379754      0.001540869      0.000386429      0.000000000      0.000014264      0.000000000      0.000379753      0.001540868      0.000386432 
    59.500000000      0.000000000      0.179592526      0.815755682      0.000389767      0.001535351      0.000393408      0.000000000      0.000014736      0.000000000      0.000389767      0.001535351      0.000393412 
    60.000000000      0.000000000      0.186421588      0.808925504      0.000396395      0.001524802      0.000397647      0.000000000      0.000015215      0.000000000      0.000396394      0.001524802      0.000397651 
    60.500000000      0.000000000      0.191978898      0.803389869      0.000397732      0.001508808      0.000401224      0.000000000      0.000015705      0.000000000      0.000397731      0.001508808      0.000401227 
    61.000000000      0.000000000      0.196637272      0.798786145      0.000389951      0.001485769      0.000404467      0.000000000      0.000016208      0.000000000      0.000389950      0.001485769      0.000404469 
    61.500000000      0.000000000      0.201291514      0.794216090      0.000373415      0.001454724      0.000409749      0.000000000      0.000016621      0.000000000      0.000373415      0.001454723      0.000409749 
    62.000000000      0.000000000      0.205862782      0.789754622      0.000350642      0.001415426      0.000416715      0.000000000      0.000017032      0.000000000      0.000350641      0.001415426      0.000416714 
    62.500000000      0.000000000      0.209859257      0.785883714      0.000329834      0.001368229      0.000421753      0.000000000      0.000017399      0.000000000      0.000329833      0.001368228      0.000421751 
    63.000000000      0.000000000      0.212675870      0.783185933      0.000318994      0.001314217      0.000427025      0.000000000      0.000017726      0.000000000      0.000318993      0.001314217      0.000427023 
    63.500000000      0.000000000      0.213331983      0.782613787      0.000328580      0.001256179      0.000433363      0.000000000      0.000017990      0.000000000      0.000328578      0.001256180      0.000433361 
    64.000000000      0.000000000      0.214519386      0.781435978      0.000381444      0.001195146      0.000436662      0.000000000      0.000018133      0.000000000      0.000381443      0.001195147      0.000436660 
    64.500000000      0.000000000      0.215605195      0.780455587      0.000393655      0.001133626      0.000433275      0.000000000      0.000018109      0.000000000      0.000393654      0.001133626      0.000433273 
    65.000000000      0.000000000      0.215753982      0.780431251      0.000409157      0.001075724      0.000413600      0.000000000      0.000017808      0.000000000      0.000409156      0.001075725      0.000413597 
    65.500000000      0.000000000      0.214400570      0.781888699      0.000429600      0.001024862      0.000392368      0.000000000      0.000017073      0.000000000      0.000429599      0.001024863      0.000392365 
    66.000000000      0.000000000      0.211243925      0.785121852      0.000450821      0.000983883      0.000374463      0.000000000      0.000015890      0.000000000      0.000450821      0.000983884      0.000374461 
    66.500000000      0.000000000      0.207583777      0.788817099      0.000474697      0.000953740      0.000363938      0.000000000      0.000014374      0.000000000      0.000474697      0.000953741      0.000363936 
    67.000000000      0.000000000      0.203687570      0.792710544      0.000501530      0.000934188      0.000358872      0.000000000      0.000012708      0.000000000      0.000501530      0.000934189      0.000358870 
    67.500000000      0.000000000      0.199718985      0.796652192      0.000527533      0.000922312      0.000359006      0.000000000      0.000011122      0.000000000      0.000527533      0.000922313      0.000359004 
    68.000000000      0.000000000      0.197075048      0.799255237      0.000546974      0.000914563      0.000368380      0.000000000      0.000009881      0.000000000      0.000546974      0.000914564      0.000368378 
    68.500000000      0.000000000      0.193672257      0.802616711      0.000555732      0.000907664      0.000387535      0.000000000      0.000009170      0.000000000      0.000555732      0.000907665      0.000387534 
    69.000000000      0.000000000      0.189909405      0.806340076      0.000560851      0.000899538      0.000410385      0.000000000      0.000008970      0.000000000      0.000560851      0.000899539      0.000410385 
    69.500000000      0.000000000      0.187076718      0.809127337      0.000570650      0.000889994      0.000432780      0.000000000      0.000009096      0.000000000      0.000570650      0.000889995      0.000432781 
    70.000000000      0.000000000      0.185826333      0.810316818      0.000587666      0.000880773      0.000455328      0.000000000      0.000009313      0.000000000      0.000587666      0.000880773      0.000455329 
    70.500000000      0.000000000      0.186114387      0.809960878      0.000606680      0.000874633      0.000476338      0.000000000      0.000009433      0.000000000      0.000606679      0.000874633      0.000476339 
    71.000000000      0.000000000      0.189030013      0.806964551      0.000626097      0.000874925      0.000496998      0.000000000      0.000009396      0.000000000      0.000626096      0.000874924      0.000496999 
    71.500000000      0.000000000      0.194422553      0.801473533      0.000644391      0.000882955      0.000519965      0.000000000      0.000009294      0.000000000      0.000644390      0.000882954      0.000519965 
    72.000000000      0.000000000      0.201452993      0.794313444      0.000663635      0.000897622      0.000550919      0.000000000      0.000009216      0.000000000      0.000663634      0.000897621      0.000550918 
    72.500000000      0.000000000      0.208902371      0.786704718      0.000684477      0.000915909      0.000591496      0.000000000      0.000009152      0.000000000      0.000684476      0.000915908      0.000591493 
    73.000000000      0.000000000      0.216128164      0.779301419      0.000707912      0.000933176      0.000639608      0.000000000      0.000009032      0.000000000      0.000707911      0.000933176      0.000639603 
    73.500000000      0.000000000      0.222719496      0.772535026      0.000733024      0.000944766      0.000690528      0.000000000      0.000008846      0.000000000      0.000733024      0.000944766      0.000690522 
    74.000000000      0.000000000      0.228432563      0.766664186      0.000758827      0.000947639      0.000740840      0.000000000      0.000008647      0.000000000      0.000758827      0.000947640      0.000740833 
    74.500000000      0.000000000      0.233806642      0.761135722      0.000793446      0.000941656      0.000789469      0.000000000      0.000008501      0.000000000      0.000793447      0.000941657      0.000789460 
    75.000000000      0.000000000      0.239866902      0.754969355      0.000819247      0.000930037      0.000828376      0.000000000      0.000008430      0.000000000      0.000819248      0.000930038      0.000828366 
    75.500000000      0.000000000      0.246818784      0.747926852      0.000841083      0.000918434      0.000863468      0.000000000      0.000008404      0.000000000      0.000841083      0.000918435      0.000863458 
    76.000000000      0.000000000      0.255555731      0.739111736      0.000849814      0.000912993      0.000899267      0.000000000      0.000008393      0.000000000      0.000849815      0.000912994      0.000899257 
    76.500000000      0.000000000      0.265437895      0.729153508      0.000841089      0.000918642      0.000940386      0.000000000      0.000008373      0.000000000      0.000841089      0.000918642      0.000940377 
    77.000000000      0.000000000      0.276136872      0.718381690      0.000814367      0.000935581      0.000986620      0.000000000      0.000008310      0.000000000      0.000814367      0.000935581      0.000986612 
    77.500000000      0.000000000      0.286999784      0.707445454      0.000775373      0.000961401      0.001036520      0.000000000      0.000008181      0.000000000      0.000775373      0.000961401      0.001036513 
    78.000000000      0.000000000      0.297614842      0.696770234      0.000731508      0.000991325      0.001080641      0.000000000      0.000007982      0.000000000      0.000731508      0.000991326      0.001080635 
    78.500000000      0.000000000      0.307862929      0.686463215      0.000689775      0.001020003      0.001123252      0.000000000      0.000007799      0.000000000      0.000689776      0.001020004      0.001123247 
    79.000000000      0.000000000      0.318237321      0.676110602      0.000624791      0.001042017      0.001155377      0.000000000      0.000007708      0.000000000      0.000624792      0.001042018      0.001155373 
    79.500000000      0.000000000      0.328130405      0.666235938      0.000580733      0.001057362      0.001174855      0.000000000      0.000007758      0.000000000      0.000580733      0.001057363      0.001174852 
    80.000000000      0.000000000      0.336953836      0.657445899      0.000546477      0.001067236      0.001182447      0.000000000      0.000007948      0.000000000      0.000546477      0.001067237      0.001182444 
    80.500000000      0.000000000      0.343678085      0.650755762      0.000524240      0.001074833      0.001179968      0.000000000      0.000008071      0.000000000      0.000524240      0.001074834      0.001179966 
    81.000000000      0.000000000      0.347717893      0.646726774      0.000513351      0.001085930      0.001174244      0.000000000      0.000008286      0.000000000      0.000513351      0.001085930      0.001174242 
    81.500000000      0.000000000      0.349164170      0.645264946      0.000509284      0.001097417      0.001174514      0.000000000      0.000008456      0.000000000      0.000509285      0.001097416      0.001174512 
    82.000000000      0.000000000      0.349045009      0.645342678      0.000503797      0.001113308      0.001184809      0.000000000      0.000008490      0.000000000      0.000503798      0.001113306      0.001184806 
    82.500000000      0.000000000      0.348933557      0.645400786      0.000489575      0.001133036      0.001205981      0.000000000      0.000008476      0.000000000      0.000489576      0.001133034      0.001205978 
    83.000000000      0.000000000      0.350137053      0.644144249      0.000464258      0.001154767      0.001236095      0.000000000      0.000008461      0.000000000      0.000464259      0.001154765      0.001236092 
    83.500000000      0.000000000      0.353043009      0.641193377      0.000431611      0.001176069      0.001269864      0.000000000      0.000008532      0.000000000      0.000431612      0.001176066      0.001269860 
    84.000000000      0.000000000      0.357115772      0.637064475      0.000397589      0.001194657      0.001313272      0.000000000      0.000008722      0.000000000      0.000397590      0.001194654      0.001313268 
    84.500000000      0.000000000      0.361555655      0.632566756      0.000369012      0.001209105      0.001356121      0.000000000      0.000009119      0.000000000      0.000369013      0.001209102      0.001356118 
    85.000000000      0.000000000      0.365802898      0.628261000      0.000350584      0.001218174      0.001394413      0.000000000      0.000009766      0.000000000      0.000350585      0.001218172      0.001394409 
    85.500000000      0.000000000      0.369460167      0.624554292      0.000342894      0.001221666      0.001422872      0.000000000      0.000010682      0.000000000      0.000342894      0.001221665      0.001422868 
    86.000000000      0.000000000      0.371907211      0.622081748      0.000343400      0.001219667      0.001436546      0.000000000      0.000011821      0.000000000      0.000343401      0.001219665      0.001436542 
    86.500000000      0.000000000      0.372883989      0.621111355      0.000349287      0.001212196      0.001434298      0.000000000      0.000013098      0.000000000      0.000349288      0.001212195      0.001434294 
    87.000000000      0.000000000      0.371947220      0.622084480      0.000361753      0.001198945      0.001416267      0.000000000      0.000014371      0.000000000      0.000361755      0.001198945      0.001416264 
    87.500000000      0.000000000      0.370037576      0.624048738      0.000382170      0.001179407      0.001387518      0.000000000      0.000015498      0.000000000      0.000382172      0.001179407      0.001387515 
    88.000000000      0.000000000      0.368472195      0.625671241      0.000410016      0.001152732      0.001357322      0.000000000      0.000016422      0.000000000      0.000410018      0.001152732      0.001357321 
    88.500000000      0.000000000      0.367240544      0.626950429      0.000442939      0.001118163      0.001334901      0.000000000      0.000017020      0.000000000      0.000442941      0.001118163      0.001334901 
