#    Density matrix based averaged BO population
       0     0.00000000     0.00000000     1.00000000
       1     0.00000004     0.00000603     0.99999393
       2     0.00000005     0.00004345     0.99995650
       3     0.00000007     0.00008506     0.99991486
       4     0.00000010     0.00010994     0.99988996
       5     0.00000013     0.00011998     0.99987989
       6     0.00000018     0.00014581     0.99985402
       7     0.00000020     0.00026111     0.99973869
       8     0.00000025     0.00065557     0.99934418
       9     0.00000028     0.00212251     0.99787720
      10     0.00000029     0.01127881     0.98872089
      11     0.00000026     0.15288979     0.84710994
      12     0.00000027     0.10675344     0.89324629
      13     0.00000033     0.29692254     0.70307713
      14     0.00000015     0.41012519     0.58987466
      15     0.00000053     0.16813300     0.83186648
      16     0.00000052     0.07931542     0.92068406
      17     0.00000019     0.15497091     0.84502890
      18     0.00000039     0.12493832     0.87506129
      19     0.00000036     0.07321328     0.92678635
      20     0.00000026     0.04829778     0.95170195
      21     0.00000040     0.03451658     0.96548303
      22     0.00000031     0.02771631     0.97228338
      23     0.00000032     0.02469109     0.97530858
      24     0.00000037     0.02344394     0.97655570
      25     0.00000030     0.02287047     0.97712923
      26     0.00000031     0.02244462     0.97755507
      27     0.00000033     0.02197236     0.97802730
      28     0.00000031     0.02143312     0.97856656
      29     0.00000031     0.02091087     0.97908883
      30     0.00000032     0.02054569     0.97945399
      31     0.00000029     0.02067433     0.97932538
      32     0.00000029     0.02224326     0.97775645
      33     0.00000030     0.02847365     0.97152604
      34     0.00000027     0.05234286     0.94765687
      35     0.00000025     0.11482972     0.88517003
      36     0.00000028     0.17433025     0.82566948
      37     0.00000027     0.20447098     0.79552876
      38     0.00000023     0.31673003     0.68326974
      39     0.00000024     0.45363130     0.54636846
      40     0.00000031     0.51718758     0.48281211
      41     0.00000027     0.55800148     0.44199825
      42     0.00000022     0.59157239     0.40842738
      43     0.00000026     0.63015756     0.36984218
      44     0.00000027     0.67091630     0.32908344
      45     0.00000021     0.70682707     0.29317272
      46     0.00000022     0.73699526     0.26300452
      47     0.00000030     0.75901491     0.24098478
      48     0.00000028     0.77689371     0.22310601
      49     0.00000023     0.82429284     0.17570693
      50     0.00000027     0.91413455     0.08586518
      51     0.00000032     0.95320966     0.04679002
      52     0.00000027     0.95154646     0.04845327
      53     0.00000025     0.94445365     0.05554609
      54     0.00000030     0.93732040     0.06267930
      55     0.00000030     0.93052375     0.06947595
      56     0.00000027     0.92415916     0.07584056
      57     0.00000030     0.91818370     0.08181600
      58     0.00000034     0.91402002     0.08597964
      59     0.00000033     0.91046251     0.08953716
      60     0.00000031     0.90507918     0.09492051
      61     0.00000037     0.89806570     0.10193393
      62     0.00000047     0.88967182     0.11032771
      63     0.00000049     0.88023320     0.11976631
      64     0.00000044     0.87016179     0.12983777
      65     0.00000047     0.85984366     0.14015587
      66     0.00000063     0.84956651     0.15043286
      67     0.00000071     0.83952411     0.16047518
      68     0.00000064     0.82987748     0.17012188
      69     0.00000060     0.82072224     0.17927716
      70     0.00000069     0.81217924     0.18782006
      71     0.00000077     0.80446311     0.19553612
      72     0.00000074     0.79784715     0.20215210
      73     0.00000071     0.79265709     0.20734220
      74     0.00000066     0.78920716     0.21079218
      75     0.00000071     0.78772500     0.21227429
      76     0.00000075     0.78827071     0.21172854
      77     0.00000064     0.79065905     0.20934032
      78     0.00000056     0.79445320     0.20554624
      79     0.00000066     0.79902847     0.20097088
      80     0.00000071     0.80373412     0.19626517
      81     0.00000066     0.80807023     0.19192911
      82     0.00000064     0.81181342     0.18818594
      83     0.00000075     0.81829829     0.18170096
      84     0.00000088     0.82671652     0.17328260
      85     0.00000087     0.83773835     0.16226078
      86     0.00000073     0.84934507     0.15065420
      87     0.00000069     0.86161049     0.13838882
      88     0.00000079     0.87473887     0.12526034
      89     0.00000083     0.88880162     0.11119755
      90     0.00000079     0.90364620     0.09635302
      91     0.00000078     0.91886533     0.08113390
      92     0.00000086     0.93351190     0.06648724
      93     0.00000099     0.94589768     0.05410134
      94     0.00000108     0.95362936     0.04636956
      95     0.00000111     0.95422869     0.04577020
      96     0.00000118     0.94670010     0.05329872
      97     0.00000134     0.93369129     0.06630737
      98     0.00000151     0.92232900     0.07766949
      99     0.00000163     0.92115986     0.07883852
     100     0.00000169     0.93370576     0.06629254
     101     0.00000180     0.95435148     0.04564672
     102     0.00000202     0.97319773     0.02680024
     103     0.00000225     0.98434479     0.01565296
     104     0.00000232     0.98801016     0.01198751
     105     0.00000238     0.98767668     0.01232094
     106     0.00000252     0.98683731     0.01316017
     107     0.00000267     0.98738734     0.01260999
     108     0.00000270     0.98939290     0.01060440
     109     0.00000287     0.99188986     0.00810728
     110     0.00000323     0.99390984     0.00608692
     111     0.00000355     0.99507003     0.00492642
     112     0.00000381     0.99558348     0.00441271
     113     0.00000415     0.99584964     0.00414621
     114     0.00000467     0.99609180     0.00390353
     115     0.00000536     0.99629872     0.00369593
     116     0.00000610     0.99640070     0.00359320
     117     0.00000664     0.99642163     0.00357173
     118     0.00000718     0.99644751     0.00354531
     119     0.00000800     0.99651523     0.00347678
     120     0.00000914     0.99658742     0.00340344