0.000000000000000000e+00 2.181873488327025612e+01 2.217489242999603505e+01 2.440200824976301774e+01 1.201273681696077844e+01 1.861058224666670569e+01 2.897040568117157733e+01 1.676113002603252511e+01 1.375995775900637774e+01 2.329357346879280044e+01 2.014117697541542995e+01
2.181873488327025612e+01 0.000000000000000000e+00 1.944532362333817730e+02 3.302443786660581537e+01 1.435573530603850578e+01 2.317659664340658665e+01 7.339907071110813774e+01 3.307815372074623639e+01 1.765283320800676137e+01 3.247812318470529647e+01 3.783537001929339283e+01
2.217489242999603505e+01 1.944532362333817730e+02 0.000000000000000000e+00 3.846170737721121924e+01 1.541671093966429851e+01 2.616592661561239552e+01 8.392496801497702563e+01 3.879727217222355762e+01 1.936489917843841013e+01 2.898708522265096121e+01 3.507942503141511992e+01
2.440200824976301774e+01 3.302443786660581537e+01 3.846170737721121924e+01 0.000000000000000000e+00 2.123315002979246202e+01 4.697492233305575837e+01 4.081819343744614059e+01 4.369893635838369761e+01 2.650501049636291384e+01 1.870198947334619177e+01 2.078625300605807169e+01
1.201273681696077844e+01 1.435573530603850578e+01 1.541671093966429851e+01 2.123315002979246202e+01 0.000000000000000000e+00 2.628061077641397247e+01 1.500377370049716497e+01 2.363102042186908491e+01 4.539358848175069028e+01 1.045530845504883999e+01 1.187426962771804106e+01
1.861058224666670569e+01 2.317659664340658665e+01 2.616592661561239552e+01 4.697492233305575837e+01 2.628061077641397247e+01 0.000000000000000000e+00 2.613313470251513593e+01 4.336314809400022341e+01 4.205811930265953436e+01 1.464855357671810587e+01 1.654260007594114157e+01
2.897040568117157733e+01 7.339907071110813774e+01 8.392496801497702563e+01 4.081819343744614059e+01 1.500377370049716497e+01 2.613313470251513593e+01 0.000000000000000000e+00 3.170004471351996145e+01 1.858774388654369147e+01 3.297865378979417272e+01 3.515768186917173921e+01
1.676113002603252511e+01 3.307815372074623639e+01 3.879727217222355762e+01 4.369893635838369761e+01 2.363102042186908491e+01 4.336314809400022341e+01 3.170004471351996145e+01 0.000000000000000000e+00 3.266252553491918320e+01 1.692302174735090148e+01 1.979496971713816578e+01
1.375995775900637774e+01 1.765283320800676137e+01 1.936489917843841013e+01 2.650501049636291384e+01 4.539358848175069028e+01 4.205811930265953436e+01 1.858774388654369147e+01 3.266252553491918320e+01 0.000000000000000000e+00 1.203014650162653965e+01 1.434145921833578541e+01
2.329357346879280044e+01 3.247812318470529647e+01 2.898708522265096121e+01 1.870198947334619177e+01 1.045530845504883999e+01 1.464855357671810587e+01 3.297865378979417272e+01 1.692302174735090148e+01 1.203014650162653965e+01 0.000000000000000000e+00 3.794180493188378023e+01
2.014117697541542995e+01 3.783537001929339283e+01 3.507942503141511992e+01 2.078625300605807169e+01 1.187426962771804106e+01 1.654260007594114157e+01 3.515768186917173921e+01 1.979496971713816578e+01 1.434145921833578541e+01 3.794180493188378023e+01 0.000000000000000000e+00
